00 00 00 0C 0F 02 00 00
00 00 00 0D 10 08 00 00
00 00 00 0E 10 09 00 00
00 00 00 0D 10 06 00 00
00 00 07 10 10 03 00 00
00 01 10 10 10 01 00 00
00 00 08 10 10 02 00 00
00 00 00 09 10 07 00 00

00 00 05 0E 01 00 00 00
00 00 09 10 04 00 00 00
00 00 0C 10 04 00 00 00
00 00 0C 10 08 00 00 00
00 00 09 10 0B 00 00 00
00 00 00 08 10 02 00 00
00 00 03 08 0F 0D 0B 08
00 00 05 10 10 10 10 0A

00 00 00 01 0A 10 08 00
00 01 08 0F 10 10 09 00
00 0A 10 0D 0B 10 08 00
00 01 04 00 0A 10 04 00
00 00 00 00 0C 10 00 00
00 00 00 00 0C 10 00 00
00 00 00 00 0C 10 03 00
00 00 00 00 0A 10 07 00

00 00 0A 0F 01 00 00 00
00 00 0B 10 01 00 00 00
00 01 10 10 01 00 00 00
00 00 08 10 05 00 00 00
00 00 00 0E 0A 00 00 00
00 00 00 0A 0E 00 00 00
00 00 05 0B 0F 06 04 01
00 00 0A 10 10 10 10 0A

00 00 00 05 10 08 00 00
00 00 04 10 10 08 00 00
00 02 0F 10 10 08 00 00
00 04 08 0C 10 05 00 00
00 00 00 06 10 0B 00 00
00 00 00 06 10 0C 00 00
00 00 00 06 10 0F 01 00
00 00 00 04 0F 0B 02 00

00 00 00 0C 07 00 00 00
00 00 00 0E 0F 00 00 00
00 00 00 0E 10 01 00 00
00 00 00 0F 10 02 00 00
00 00 00 0D 10 01 00 00
00 00 00 0E 10 01 00 00
00 00 00 0E 10 01 00 00
00 00 00 06 10 02 00 00

00 00 00 0A 10 0B 01 00
00 00 00 0F 10 0F 02 00
00 00 01 0D 10 0E 00 00
00 00 01 0F 10 0C 00 00
00 00 00 0E 10 08 00 00
00 00 00 0D 10 05 00 00
00 00 01 0E 10 01 00 00
00 00 00 08 0F 01 00 00

00 00 03 0C 0C 03 00 00
00 00 04 10 10 04 00 00
00 00 05 10 10 05 00 00
00 00 0B 10 0F 00 00 00
00 00 0C 10 0E 00 00 00
00 00 0D 10 09 00 00 00
00 00 07 10 0A 01 00 00
00 00 05 0D 0E 04 00 00

00 00 00 03 10 08 00 00
00 00 00 0B 10 09 00 00
00 03 0C 10 10 08 00 00
00 0D 10 09 10 08 00 00
00 01 02 00 10 08 00 00
00 00 00 02 10 04 00 00
00 00 00 02 10 06 00 00
00 00 00 01 10 09 00 00

00 00 05 0F 02 00 00 00
00 00 01 10 08 00 00 00
00 00 00 0E 0C 00 00 00
00 00 02 10 10 03 00 00
00 00 02 09 0E 06 00 00
00 00 00 00 06 0D 00 00
00 00 02 0A 0C 10 04 04
00 00 04 0F 10 10 10 10

00 00 01 0C 0A 03 00 00
00 00 07 10 10 07 00 00
00 00 0C 10 10 03 00 00
00 00 0E 10 10 02 00 00
00 01 0F 10 10 05 00 00
00 00 0F 10 0F 02 00 00
00 00 0B 10 10 08 00 00
00 00 01 07 0C 0A 00 00

00 00 00 00 0D 10 06 00
00 00 03 0B 10 10 05 00
00 05 10 10 10 10 04 00
00 04 0A 09 10 10 04 00
00 00 00 00 0D 10 04 00
00 00 00 00 0C 10 04 00
00 00 00 02 10 10 07 00
00 00 00 01 0C 0E 05 00

00 00 00 0A 0C 08 01 00
00 00 05 10 10 10 00 00
00 00 0A 10 10 09 00 00
00 02 0F 10 0D 02 00 00
00 04 10 10 08 00 00 00
00 01 0F 10 07 00 00 00
00 00 09 10 0B 01 00 00
00 00 00 06 0C 06 00 00

00 00 00 00 0A 0D 07 00
00 00 00 05 10 10 0B 00
00 00 04 0E 10 10 07 00
00 03 0E 10 10 10 04 00
00 07 10 10 10 10 04 00
00 00 02 0D 10 10 03 00
00 00 00 0B 10 10 00 00
00 00 00 02 0D 10 01 00

00 00 00 00 0D 0C 00 00
00 00 00 0A 10 0E 00 00
00 01 0C 10 10 0B 00 00
00 0B 10 0C 10 08 00 00
00 06 04 07 10 06 00 00
00 00 00 06 10 05 00 00
00 00 00 04 10 08 00 00
00 00 00 00 0F 0B 00 00

00 00 00 00 0C 05 00 00
00 00 00 02 10 0C 00 00
00 00 01 0C 10 0B 00 00
00 02 0C 10 10 0A 00 00
00 06 0B 05 0F 06 00 00
00 00 00 01 10 09 00 00
00 00 00 02 10 0B 00 00
00 00 00 03 10 08 00 00

00 00 00 06 10 06 00 00
00 00 00 0D 10 0A 00 00
00 00 09 10 10 06 00 00
00 03 10 10 10 04 00 00
00 05 10 10 10 06 00 00
00 00 00 09 10 0A 00 00
00 00 00 08 10 0F 00 00
00 00 00 04 0D 0B 02 00

00 00 05 0E 0C 05 00 00
00 00 0D 10 10 09 00 00
00 00 0B 10 10 09 00 00
00 00 0B 10 10 07 00 00
00 00 0A 10 10 02 00 00
00 00 0D 10 0F 00 00 00
00 00 0E 10 0D 00 00 00
00 00 07 0D 10 08 00 00

00 00 06 10 04 00 00 00
00 00 04 10 09 00 00 00
00 00 07 10 0C 00 00 00
00 00 0D 10 0F 00 00 00
00 00 0D 0F 10 02 00 00
00 00 01 02 0F 08 00 00
00 00 06 09 0E 0F 0D 07
00 00 05 0F 10 10 0F 03

00 00 00 0E 10 0F 0B 00
00 00 02 10 10 10 0A 00
00 00 04 10 10 10 04 00
00 00 0C 10 10 0C 00 00
00 00 0C 10 10 06 00 00
00 00 0E 10 10 06 00 00
00 00 0B 10 0F 02 00 00
00 00 01 0F 0F 01 00 00

00 00 04 0C 0D 03 00 00
00 00 07 0E 10 09 00 00
00 00 00 0C 10 08 00 00
00 00 00 06 10 06 00 00
00 00 00 09 10 06 00 00
00 00 00 0C 10 03 00 00
00 00 00 0D 10 03 00 00
00 00 00 0F 10 0B 00 00

00 00 00 00 06 0A 00 00
00 00 00 00 0E 0F 00 00
00 00 00 0A 10 10 00 00
00 00 07 10 10 0F 00 00
00 03 0F 07 0F 0A 00 00
00 00 00 00 0D 0B 00 00
00 00 00 00 0F 09 00 00
00 00 00 00 08 0F 00 00

00 00 00 0F 0C 01 00 00
00 00 05 10 10 06 00 00
00 00 02 10 10 03 00 00
00 00 02 10 10 01 00 00
00 00 06 10 0D 00 00 00
00 00 01 10 10 02 00 00
00 00 03 10 0F 03 00 00
00 00 00 0F 10 01 00 00

00 00 02 0F 0E 01 00 00
00 00 0B 10 10 04 00 00
00 04 10 10 10 01 00 00
00 07 10 10 0E 00 00 00
00 09 10 10 0B 00 00 00
00 01 0D 10 09 00 00 00
00 00 05 10 05 00 00 00
00 00 02 0E 09 00 00 00

00 00 00 0E 07 00 00 00
00 00 00 0F 0F 01 00 00
00 00 02 10 0F 01 00 00
00 00 06 10 0F 00 00 00
00 00 09 10 0D 00 00 00
00 00 08 10 0F 01 00 00
00 00 04 10 10 06 00 00
00 00 00 0D 0C 00 00 00

00 00 00 00 0B 0F 01 00
00 00 00 06 10 10 02 00
00 03 0D 10 10 10 00 00
00 09 10 0C 10 0E 00 00
00 01 03 00 10 0D 00 00
00 00 00 00 0E 0D 00 00
00 00 00 00 0C 10 05 00
00 00 00 00 08 10 07 00

00 00 01 10 0B 00 00 00
00 00 00 0F 10 01 00 00
00 00 00 0F 0E 00 00 00
00 00 02 10 0E 00 00 00
00 00 01 10 0F 00 00 00
00 00 00 0E 0D 00 00 00
00 00 00 0D 0A 00 00 00
00 00 00 0C 0B 00 00 00

00 00 00 00 05 0F 03 00
00 00 00 03 0F 10 04 00
00 03 0D 10 0E 10 01 00
00 02 07 04 08 10 00 00
00 00 00 00 08 0E 00 00
00 00 00 00 07 10 01 00
00 00 00 00 09 10 06 00
00 00 00 00 08 0F 02 00

00 00 08 0C 0B 06 00 00
00 00 08 10 10 0D 02 00
00 02 0E 10 10 0E 02 00
00 02 0D 10 10 08 00 00
00 04 10 10 10 08 00 00
00 04 10 10 10 0A 00 00
00 01 0B 10 10 08 00 00
00 00 04 0B 0C 07 00 00

00 00 00 00 05 0E 03 00
00 00 00 00 09 10 08 00
00 00 00 09 10 10 05 00
00 01 0D 0F 0C 10 01 00
00 04 0C 03 0A 0F 00 00
00 00 00 00 0B 0C 00 00
00 00 00 00 08 0C 00 00
00 00 00 00 05 0D 04 00

00 00 02 0D 01 00 00 00
00 00 00 0F 06 00 00 00
00 00 00 0F 0A 00 00 00
00 00 00 0D 10 01 00 00
00 00 00 06 0F 06 00 00
00 00 00 00 0C 09 00 00
00 00 05 0C 0E 10 09 02
00 00 02 0C 0C 0C 0D 08

00 00 01 0E 07 00 00 00
00 00 06 10 10 01 00 00
00 00 07 10 0F 00 00 00
00 00 06 10 0F 00 00 00
00 00 06 10 0F 00 00 00
00 00 04 10 10 01 00 00
00 00 04 10 10 06 00 00
00 00 01 0F 10 08 00 00

00 00 01 0C 10 08 00 00
00 02 0D 10 10 08 00 00
00 0D 10 0E 10 0C 00 00
00 0B 06 07 10 02 00 00
00 00 00 0B 10 01 00 00
00 00 00 0D 0D 00 00 00
00 00 00 0F 0D 00 00 00
00 00 00 0D 0D 00 00 00

00 00 10 08 00 00 00 00
00 02 10 0D 00 00 00 00
00 02 10 10 06 00 00 00
00 00 08 10 0A 00 00 00
00 00 00 0E 0C 00 00 00
00 00 00 0A 10 02 00 00
00 00 05 0C 10 0B 08 03
00 00 0C 10 10 10 10 09

00 00 03 10 0C 01 00 00
00 00 03 10 10 05 00 00
00 00 02 10 10 05 00 00
00 00 00 10 10 05 00 00
00 00 04 10 10 02 00 00
00 00 04 10 0E 00 00 00
00 00 06 10 0E 00 00 00
00 00 02 10 0E 00 00 00

00 00 03 0E 0F 09 00 00
00 00 0A 10 10 0D 00 00
00 02 0D 10 10 04 00 00
00 00 0C 10 10 04 00 00
00 02 0D 10 10 04 00 00
00 00 0C 10 10 04 00 00
00 00 06 10 10 10 06 00
00 00 02 0A 10 10 02 00

00 00 07 10 0D 05 00 00
00 00 0D 10 10 05 00 00
00 01 10 10 10 03 00 00
00 01 0E 10 0F 00 00 00
00 01 10 10 0F 01 00 00
00 00 0E 10 10 04 00 00
00 00 06 10 10 07 00 00
00 00 04 0E 0D 06 00 00

00 00 00 00 05 0F 08 00
00 00 00 02 0F 10 09 00
00 00 03 0F 10 10 0A 00
00 07 10 0A 08 10 07 00
00 00 01 00 08 10 04 00
00 00 00 00 0B 10 01 00
00 00 00 00 09 10 01 00
00 00 00 00 08 0E 00 00

00 00 01 07 0A 03 00 00
00 00 08 10 10 0C 00 00
00 00 08 10 10 0C 00 00
00 00 0A 10 10 05 00 00
00 00 07 10 10 01 00 00
00 00 0E 10 0F 01 00 00
00 00 0C 10 10 01 00 00
00 00 01 09 0C 09 00 00

00 00 03 10 0C 02 00 00
00 00 06 10 10 03 00 00
00 00 09 10 10 00 00 00
00 00 09 10 10 01 00 00
00 00 09 10 10 00 00 00
00 00 09 10 0D 00 00 00
00 00 07 10 0D 00 00 00
00 00 03 0E 10 03 00 00

00 00 00 04 0F 0C 00 00
00 00 05 0F 10 0B 00 00
00 08 10 10 10 04 00 00
00 0E 0B 0B 10 02 00 00
00 00 00 07 10 00 00 00
00 00 00 09 10 02 00 00
00 00 00 09 10 03 00 00
00 00 00 05 10 05 00 00

00 00 04 0F 04 00 00 00
00 00 03 10 09 00 00 00
00 00 02 10 0B 00 00 00
00 00 00 10 0D 00 00 00
00 00 02 10 10 02 00 00
00 00 00 05 0F 0A 00 00
00 00 04 0C 0E 10 0D 0D
00 00 02 0D 10 10 0F 08

00 00 04 10 0F 07 00 00
00 00 06 10 10 06 00 00
00 00 05 10 10 04 00 00
00 00 07 10 0F 00 00 00
00 00 0B 10 0E 00 00 00
00 00 06 10 0E 00 00 00
00 00 06 10 10 05 00 00
00 00 02 0C 10 03 00 00

00 00 07 0C 09 00 00 00
00 00 0C 10 10 01 00 00
00 00 0B 10 10 00 00 00
00 00 0C 10 10 00 00 00
00 00 0D 10 10 00 00 00
00 00 0D 10 10 00 00 00
00 01 0E 10 10 01 00 00
00 00 04 0C 0C 09 00 00

00 00 00 07 10 10 07 00
00 00 00 0E 10 10 04 00
00 02 0D 10 10 0C 00 00
00 07 10 10 10 0C 00 00
00 00 00 0A 10 08 00 00
00 00 00 0B 10 0D 00 00
00 00 00 0A 10 10 02 00
00 00 00 09 10 0C 02 00

00 00 06 0F 0C 05 00 00
00 00 08 10 10 0D 01 00
00 00 08 10 10 0C 00 00
00 00 08 10 10 0A 00 00
00 00 10 10 10 05 00 00
00 05 10 10 10 01 00 00
00 03 0F 10 10 02 00 00
00 00 0A 10 0F 03 00 00

00 00 0A 0C 00 00 00 00
00 00 08 10 01 00 00 00
00 00 09 10 01 00 00 00
00 00 0C 10 05 00 00 00
00 00 0D 10 0A 00 00 00
00 00 01 0A 0F 00 00 00
00 00 07 0C 10 0C 0C 04
00 00 07 10 10 10 10 0B

00 00 00 00 0E 10 07 00
00 00 00 05 10 10 08 00
00 00 01 0C 10 10 08 00
00 05 0E 10 10 10 05 00
00 01 04 07 10 10 08 00
00 00 00 02 10 10 07 00
00 00 00 02 10 10 03 00
00 00 00 00 10 10 00 00

00 00 05 0F 0D 0C 04 00
00 00 0B 10 10 0E 00 00
00 00 10 10 10 08 00 00
00 04 10 10 0F 03 00 00
00 02 10 10 08 00 00 00
00 00 10 0F 03 00 00 00
00 00 0A 10 04 00 00 00
00 00 08 0F 03 00 00 00

00 00 00 00 0E 07 00 00
00 00 00 0D 10 09 00 00
00 00 0A 10 10 07 00 00
00 07 10 08 10 02 00 00
00 01 05 06 10 06 00 00
00 00 00 04 10 06 00 00
00 00 00 02 10 06 00 00
00 00 00 00 0C 0B 00 00

00 00 00 04 0D 0D 00 00
00 00 00 0A 10 10 01 00
00 00 03 0E 10 0D 00 00
00 00 08 10 10 05 00 00
00 03 0F 10 10 04 00 00
00 04 10 10 10 06 00 00
00 02 08 0F 10 09 00 00
00 00 00 04 0E 0C 00 00

00 00 00 00 0B 0C 00 00
00 00 00 03 0F 0E 00 00
00 00 00 0B 10 0B 00 00
00 00 09 10 10 0A 00 00
00 04 10 0C 10 0C 00 00
00 03 0A 03 10 0B 00 00
00 00 00 00 10 0E 00 00
00 00 00 00 0B 0B 00 00

00 00 00 0A 0D 00 00 00
00 00 00 0D 10 05 00 00
00 00 00 10 10 04 00 00
00 00 03 10 10 07 00 00
00 00 07 10 10 09 00 00
00 00 09 10 10 0A 00 00
00 00 0A 10 10 0E 00 00
00 00 01 05 07 0F 08 00

00 00 01 0B 0E 05 00 00
00 00 00 0F 10 0B 00 00
00 00 05 10 10 08 00 00
00 00 05 10 10 05 00 00
00 00 04 10 10 03 00 00
00 00 09 10 10 02 00 00
00 00 08 10 0E 00 00 00
00 00 02 0D 10 09 00 00

00 00 00 0B 10 05 00 00
00 00 00 0A 10 05 00 00
00 00 04 10 10 05 00 00
00 0B 10 10 10 03 00 00
00 05 08 0E 10 02 00 00
00 00 00 0E 10 02 00 00
00 00 00 0B 10 02 00 00
00 00 00 08 10 08 00 00

00 00 00 0E 0E 09 00 00
00 00 04 10 10 0A 00 00
00 00 0D 10 0F 02 00 00
00 01 0F 10 0B 00 00 00
00 07 10 10 05 00 00 00
00 03 10 10 07 00 00 00
00 00 10 10 08 00 00 00
00 00 03 0C 0C 00 00 00

00 00 04 0C 0D 02 00 00
00 00 05 10 10 05 00 00
00 00 05 10 10 06 00 00
00 00 09 10 0F 00 00 00
00 00 0A 10 0E 00 00 00
00 00 0C 10 0C 00 00 00
00 00 05 10 0B 00 00 00
00 00 06 10 0D 00 00 00

00 00 00 0E 09 00 00 00
00 00 00 0E 0D 00 00 00
00 00 00 0B 10 02 00 00
00 00 00 0E 10 05 00 00
00 00 00 0D 10 04 00 00
00 00 00 10 10 04 00 00
00 00 01 10 10 00 00 00
00 00 00 0E 0C 00 00 00

00 00 04 10 0F 04 00 00
00 00 08 10 10 04 00 00
00 00 0C 10 0D 00 00 00
00 02 10 10 0A 00 00 00
00 03 10 10 08 00 00 00
00 02 10 10 0C 00 00 00
00 00 09 10 10 04 00 00
00 00 03 0C 0E 0B 00 00

00 00 0B 0C 00 00 00 00
00 00 0D 10 00 00 00 00
00 03 0F 10 04 00 00 00
00 0D 0F 10 06 00 00 00
00 03 03 0F 0A 00 00 00
00 00 00 0B 10 00 00 00
00 00 02 0A 10 06 03 00
00 00 07 10 10 10 10 05

00 00 00 05 0F 0D 01 00
00 00 02 0E 10 10 04 00
00 00 08 10 10 10 04 00
00 06 0F 10 10 10 01 00
00 03 07 0A 10 10 04 00
00 00 00 0B 10 10 01 00
00 00 00 0C 10 10 01 00
00 00 00 06 0E 0C 01 00

00 00 05 0C 0A 04 00 00
00 00 05 10 10 10 03 00
00 00 00 10 10 10 00 00
00 00 03 10 10 0D 00 00
00 00 04 10 10 0C 00 00
00 00 08 10 10 08 00 00
00 00 0A 10 10 07 00 00
00 00 08 0C 0C 04 00 00

00 00 04 0C 0C 07 00 00
00 00 10 10 10 05 00 00
00 00 10 10 10 10 00 00
00 04 10 10 10 0C 00 00
00 04 10 10 10 0C 00 00
00 03 0F 10 10 09 00 00
00 00 0C 10 10 08 00 00
00 01 07 0C 0B 05 00 00

00 00 00 0E 0B 00 00 00
00 00 00 0C 10 02 00 00
00 00 00 0C 10 02 00 00
00 00 00 0F 10 01 00 00
00 00 00 10 10 01 00 00
00 00 03 10 0F 00 00 00
00 00 04 10 0E 00 00 00
00 00 01 0E 10 04 00 00

00 00 00 0C 10 09 00 00
00 00 02 10 10 06 00 00
00 00 03 10 10 02 00 00
00 00 08 10 0C 00 00 00
00 00 06 10 10 00 00 00
00 00 0A 10 0F 01 00 00
00 00 09 10 0B 00 00 00
00 00 08 10 0A 00 00 00

00 00 00 00 07 0F 01 00
00 00 00 00 0B 10 00 00
00 00 00 00 10 0E 00 00
00 00 00 0A 10 0F 00 00
00 00 0C 10 10 0B 00 00
00 05 10 06 0F 0C 00 00
00 00 01 00 0C 10 00 00
00 00 00 00 04 0F 04 00

00 00 02 0E 0E 00 00 00
00 00 01 0F 10 02 00 00
00 00 00 0E 10 03 00 00
00 00 00 0A 10 05 00 00
00 00 00 0C 0E 01 00 00
00 00 00 0D 0D 00 00 00
00 00 01 10 0B 00 00 00
00 00 02 0F 0C 00 00 00

00 00 03 10 0B 00 00 00
00 00 00 10 10 06 00 00
00 00 00 0D 10 07 00 00
00 00 00 0B 10 0A 00 00
00 00 00 0C 10 06 00 00
00 00 03 10 10 02 00 00
00 00 05 10 0F 00 00 00
00 00 03 0D 0F 00 00 00

00 00 00 00 07 0D 05 00
00 00 00 00 0F 10 08 00
00 00 01 0D 10 10 03 00
00 00 0C 10 10 10 00 00
00 08 10 03 10 0D 00 00
00 02 03 00 10 0C 00 00
00 00 00 00 10 0D 00 00
00 00 00 00 08 0C 00 00

00 00 07 10 0D 04 00 00
00 00 07 10 10 09 00 00
00 00 01 10 10 09 00 00
00 00 03 10 10 09 00 00
00 00 08 10 10 08 00 00
00 00 0A 10 10 04 00 00
00 00 09 10 0E 01 00 00
00 00 04 0C 0E 08 00 00

00 00 01 0E 0E 02 00 00
00 00 01 0E 10 03 00 00
00 00 00 0A 10 02 00 00
00 00 00 0B 10 05 00 00
00 00 00 0F 10 05 00 00
00 00 00 0F 10 05 00 00
00 00 00 0A 10 0C 01 00
00 00 00 0E 10 0B 00 00

00 00 00 01 08 10 02 00
00 00 05 0D 10 10 00 00
00 0B 10 0F 0C 10 00 00
00 03 08 01 08 10 00 00
00 00 00 00 08 10 03 00
00 00 00 00 08 10 04 00
00 00 00 00 07 10 07 00
00 00 00 00 0A 10 08 00

00 00 00 00 0E 04 00 00
00 00 00 03 10 0B 00 00
00 00 00 0A 10 09 00 00
00 00 00 0D 10 07 00 00
00 00 0C 10 10 04 00 00
00 01 0D 0C 10 05 00 00
00 00 00 04 10 09 00 00
00 00 00 00 0E 0A 00 00

00 00 00 01 0B 09 00 00
00 00 00 07 10 0D 00 00
00 00 04 0E 10 09 00 00
00 0A 10 0B 10 08 00 00
00 00 00 03 10 06 00 00
00 00 00 03 10 08 00 00
00 00 00 05 10 0A 00 00
00 00 00 02 0E 06 00 00

00 00 02 10 0A 00 00 00
00 00 04 10 10 05 00 00
00 00 08 10 10 03 00 00
00 00 09 10 10 03 00 00
00 00 08 10 10 03 00 00
00 00 08 10 10 01 00 00
00 00 05 10 0E 00 00 00
00 00 01 0C 10 03 00 00

00 00 00 0D 0F 08 00 00
00 00 01 10 10 0A 00 00
00 00 01 10 10 08 00 00
00 00 04 10 10 02 00 00
00 00 0B 10 0E 00 00 00
00 02 10 10 0A 00 00 00
00 00 0D 10 0F 02 00 00
00 00 01 0D 10 04 00 00

00 00 01 08 0A 08 03 00
00 00 01 10 10 10 08 00
00 00 00 0E 10 10 03 00
00 00 01 10 10 0F 00 00
00 00 06 10 10 0A 00 00
00 00 0A 10 0F 04 00 00
00 00 08 10 0E 00 00 00
00 00 01 08 08 01 00 00

00 00 04 10 10 08 00 00
00 00 06 10 10 0F 01 00
00 00 04 10 10 0C 00 00
00 00 03 10 10 0F 00 00
00 00 08 10 10 06 00 00
00 01 0D 10 10 04 00 00
00 03 10 10 0F 02 00 00
00 00 06 0C 0C 02 00 00

00 00 05 0C 0C 09 03 00
00 00 08 10 10 10 04 00
00 00 09 10 10 0E 01 00
00 00 0B 10 10 0C 00 00
00 00 0C 10 10 0C 00 00
00 00 0B 10 10 0C 00 00
00 00 04 10 10 0C 00 00
00 00 06 0C 0C 06 00 00

00 00 00 01 0C 07 00 00
00 00 00 09 10 10 01 00
00 01 07 0F 10 0E 00 00
00 04 10 10 10 10 00 00
00 00 00 03 10 10 00 00
00 00 00 02 10 10 03 00
00 00 00 06 10 10 00 00
00 00 00 03 0F 0D 00 00

00 00 00 00 0C 0D 01 00
00 00 00 08 10 0F 02 00
00 00 0A 10 10 0C 00 00
00 04 10 10 10 0D 00 00
00 04 07 04 10 06 00 00
00 00 00 01 10 08 00 00
00 00 00 01 10 08 00 00
00 00 00 00 0C 0C 00 00

00 00 00 01 0F 0C 00 00
00 00 00 0C 10 0D 00 00
00 00 0B 10 10 0D 00 00
00 0B 10 0B 0D 0D 00 00
00 03 07 00 0C 0E 00 00
00 00 00 00 0B 0D 00 00
00 00 00 00 0F 0D 00 00
00 00 00 02 0F 0D 00 00

00 00 00 00 0C 08 00 00
00 00 00 03 10 10 00 00
00 00 01 0D 10 0B 00 00
00 03 0F 10 10 08 00 00
00 00 03 07 10 08 00 00
00 00 00 04 10 08 00 00
00 00 00 04 10 0E 00 00
00 00 00 00 0E 0F 05 00

00 00 07 0A 00 00 00 00
00 00 09 10 00 00 00 00
00 00 06 10 05 00 00 00
00 00 09 10 09 00 00 00
00 00 00 06 0E 01 00 00
00 00 00 02 10 04 00 00
00 00 01 04 0E 0C 04 01
00 00 07 10 10 10 10 05

00 00 05 0A 08 08 00 00
00 00 00 10 10 0F 02 00
00 00 07 10 10 0D 00 00
00 00 0A 10 10 04 00 00
00 00 09 10 10 00 00 00
00 00 0A 10 10 00 00 00
00 00 08 10 0F 00 00 00
00 00 02 0B 09 00 00 00

00 00 00 00 07 0E 07 00
00 00 00 03 10 10 09 00
00 00 06 0F 10 10 06 00
00 05 10 10 10 10 02 00
00 04 08 08 10 10 00 00
00 00 00 03 10 10 03 00
00 00 00 01 0D 10 00 00
00 00 00 00 08 0F 00 00

00 00 01 08 10 07 00 00
00 00 03 10 10 0C 00 00
00 01 0F 10 10 0C 00 00
00 03 0C 0F 10 0C 00 00
00 00 00 08 10 0A 00 00
00 00 00 0B 10 0E 00 00
00 00 00 0B 10 10 01 00
00 00 00 05 0D 07 00 00

00 00 00 10 0B 00 00 00
00 00 02 10 10 02 00 00
00 00 03 10 10 06 00 00
00 00 03 10 0F 02 00 00
00 00 02 10 10 02 00 00
00 00 04 10 0F 00 00 00
00 00 01 10 0F 01 00 00
00 00 00 0C 10 02 00 00

00 00 04 0A 0B 04 00 00
00 01 0B 10 10 0E 00 00
00 04 10 10 10 0C 00 00
00 04 10 10 10 07 00 00
00 04 10 10 10 08 00 00
00 04 10 10 10 07 00 00
00 03 0F 10 10 0C 00 00
00 00 05 0C 0C 0C 01 00

00 00 04 0E 0B 03 00 00
00 00 01 0F 10 06 00 00
00 00 00 10 10 09 00 00
00 00 01 0E 10 03 00 00
00 00 06 10 10 02 00 00
00 00 08 10 0F 00 00 00
00 00 07 10 0B 00 00 00
00 00 06 0F 0E 04 00 00

00 00 00 00 09 10 04 00
00 00 00 05 0F 10 02 00
00 03 0C 10 10 0E 00 00
00 0A 10 0F 10 0F 00 00
00 01 04 00 10 0D 00 00
00 00 00 00 0F 0D 00 00
00 00 00 00 0C 10 0C 00
00 00 00 00 0C 10 06 00

00 00 02 10 0D 00 00 00
00 00 04 10 0F 00 00 00
00 00 04 10 0C 00 00 00
00 00 07 10 0A 00 00 00
00 00 05 10 09 00 00 00
00 00 07 10 07 00 00 00
00 00 03 10 09 00 00 00
00 00 01 0C 0F 00 00 00

00 00 00 02 0D 09 00 00
00 00 00 07 10 0F 00 00
00 00 00 0B 10 07 00 00
00 00 00 0F 10 02 00 00
00 00 07 10 0E 00 00 00
00 00 0D 10 0E 00 00 00
00 00 08 0F 10 00 00 00
00 00 00 03 0D 08 00 00

00 00 00 00 0C 0B 01 00
00 00 00 01 10 10 07 00
00 00 01 0E 10 10 07 00
00 01 0E 10 0E 10 08 00
00 05 0C 03 08 10 07 00
00 00 00 00 08 10 04 00
00 00 00 00 08 10 01 00
00 00 00 00 0B 0C 00 00

00 00 00 00 05 0F 01 00
00 00 00 00 0B 10 01 00
00 00 00 08 0F 10 03 00
00 02 0D 0F 05 10 00 00
00 08 0E 02 03 10 00 00
00 00 00 00 04 0F 00 00
00 00 00 00 05 0F 00 00
00 00 00 00 05 10 01 00

00 00 02 10 0A 00 00 00
00 00 03 10 10 01 00 00
00 00 05 10 0E 00 00 00
00 00 03 10 0D 00 00 00
00 00 01 10 0F 00 00 00
00 00 01 10 10 00 00 00
00 00 02 10 0F 02 00 00
00 00 00 0F 10 0B 00 00

00 00 00 0D 0C 00 00 00
00 00 00 0E 10 01 00 00
00 00 01 0F 10 01 00 00
00 00 04 10 10 03 00 00
00 00 05 0F 10 09 00 00
00 00 00 00 0C 0F 01 00
00 00 01 0B 09 10 0B 02
00 00 00 0B 10 10 10 10

00 00 02 10 05 00 00 00
00 00 04 10 0A 00 00 00
00 00 05 10 07 00 00 00
00 00 08 10 09 00 00 00
00 00 0F 10 0E 02 00 00
00 00 07 08 0E 0A 00 00
00 00 0C 0F 0E 10 0E 09
00 00 02 0A 0D 10 0A 03

00 00 04 0E 0B 00 00 00
00 00 02 10 10 03 00 00
00 00 00 0E 10 05 00 00
00 00 00 10 10 03 00 00
00 00 01 0F 10 02 00 00
00 00 02 0F 0D 00 00 00
00 00 04 10 0B 00 00 00
00 00 05 10 0E 01 00 00

00 00 05 0C 0C 08 01 00
00 00 0A 10 10 0F 00 00
00 00 0B 10 10 08 00 00
00 04 10 10 10 04 00 00
00 03 10 10 0A 00 00 00
00 00 0D 10 10 03 00 00
00 00 0D 10 10 00 00 00
00 00 02 0A 0C 00 00 00

00 00 00 0D 0E 00 00 00
00 00 00 0D 10 03 00 00
00 00 02 10 0F 03 00 00
00 00 04 10 0E 00 00 00
00 00 03 10 0B 00 00 00
00 00 08 10 0A 00 00 00
00 00 06 10 07 00 00 00
00 00 01 0B 09 00 00 00

00 00 02 10 0C 00 00 00
00 00 05 10 10 01 00 00
00 00 02 10 0F 00 00 00
00 00 06 10 0E 00 00 00
00 00 08 10 09 00 00 00
00 00 07 10 0E 00 00 00
00 00 08 10 0B 00 00 00
00 00 02 0F 0D 00 00 00

00 00 0D 0E 0A 02 00 00
00 00 06 10 10 10 00 00
00 00 00 10 10 10 04 00
00 00 04 10 10 0E 02 00
00 00 08 10 10 07 00 00
00 03 0F 10 10 04 00 00
00 01 10 10 0E 01 00 00
00 00 0E 10 0D 03 00 00

00 00 03 0F 04 00 00 00
00 00 00 0F 0B 00 00 00
00 00 00 0F 10 02 00 00
00 00 00 0E 10 08 00 00
00 00 00 07 0D 0E 00 00
00 00 00 00 04 10 04 00
00 00 03 09 0D 10 0C 05
00 00 03 0F 10 10 10 10

00 00 0B 0A 00 00 00 00
00 00 0B 0F 00 00 00 00
00 00 0B 10 05 00 00 00
00 00 0D 10 0B 00 00 00
00 00 02 07 10 02 00 00
00 00 00 02 0E 06 00 00
00 00 06 0A 0F 0D 08 03
00 00 08 10 10 10 10 0C

00 00 02 0C 0C 08 01 00
00 00 02 0F 10 10 08 00
00 00 05 10 10 0E 03 00
00 00 08 10 10 0A 00 00
00 03 0F 10 0D 00 00 00
00 02 0E 10 09 00 00 00
00 00 0B 10 09 00 00 00
00 00 01 09 05 00 00 00

00 00 06 0C 0C 06 00 00
00 00 0B 10 10 0D 00 00
00 00 0C 10 10 08 00 00
00 00 08 10 10 0C 00 00
00 02 0D 10 10 0C 00 00
00 01 10 10 10 0A 00 00
00 00 10 10 10 08 00 00
00 00 02 0B 0A 04 00 00

00 00 00 00 0A 0B 00 00
00 00 00 00 10 0D 00 00
00 00 00 07 10 09 00 00
00 00 00 0D 10 03 00 00
00 00 0A 10 10 00 00 00
00 00 0F 10 10 04 00 00
00 03 0C 06 10 06 00 00
00 00 00 00 0A 0D 07 00

00 00 03 0D 0A 01 00 00
00 00 03 10 10 04 00 00
00 00 01 10 10 02 00 00
00 00 06 10 10 01 00 00
00 00 04 10 10 01 00 00
00 00 04 10 10 03 00 00
00 00 07 10 10 00 00 00
00 00 02 0E 10 05 00 00

00 00 00 00 03 0E 03 00
00 00 00 01 0E 10 05 00
00 01 09 0F 10 10 04 00
00 04 0C 07 03 10 04 00
00 00 00 00 04 10 04 00
00 00 00 00 04 10 04 00
00 00 00 00 06 10 04 00
00 00 00 00 05 10 04 00

00 00 00 02 10 0F 03 00
00 00 00 08 10 10 04 00
00 00 09 10 10 0E 00 00
00 07 10 10 10 0C 00 00
00 00 00 08 10 0C 00 00
00 00 00 07 10 0C 00 00
00 00 00 04 10 10 07 00
00 00 00 00 0D 10 07 00

00 00 00 03 0F 10 01 00
00 00 07 0F 10 0E 00 00
00 04 10 10 0F 0D 00 00
00 00 08 02 0F 0D 00 00
00 00 00 00 10 0F 00 00
00 00 00 00 10 0C 00 00
00 00 00 01 10 10 02 00
00 00 00 03 0F 0D 01 00

00 00 00 08 0D 03 00 00
00 00 08 10 10 08 00 00
00 0C 10 10 10 02 00 00
00 09 09 10 0A 00 00 00
00 00 02 0F 08 00 00 00
00 00 04 10 07 00 00 00
00 00 03 10 0A 00 00 00
00 00 00 07 0D 02 00 00

00 00 00 01 09 10 07 00
00 00 04 0D 10 10 02 00
00 08 10 0F 0D 10 03 00
00 03 07 00 08 10 02 00
00 00 00 00 08 10 05 00
00 00 00 00 08 10 04 00
00 00 00 00 08 10 08 00
00 00 00 00 0C 10 07 00

00 00 00 01 0E 0D 01 00
00 00 00 01 10 10 03 00
00 05 0B 0F 10 10 00 00
00 04 0F 10 10 0F 00 00
00 00 00 08 10 07 00 00
00 00 00 0A 10 03 00 00
00 00 00 08 10 06 00 00
00 00 00 02 0D 0F 02 00

00 00 00 0E 0A 00 00 00
00 00 03 10 10 03 00 00
00 00 07 10 10 07 00 00
00 00 0C 10 10 05 00 00
00 00 04 0F 10 06 00 00
00 00 00 0D 10 00 00 00
00 00 00 0E 0C 00 00 00
00 00 00 0A 0A 00 00 00

00 00 00 0B 10 03 00 00
00 00 05 10 10 05 00 00
00 06 10 0F 10 03 00 00
00 0B 0B 0A 10 01 00 00
00 00 00 0A 0F 00 00 00
00 00 00 0B 0D 00 00 00
00 00 00 0A 10 02 00 00
00 00 00 07 10 02 00 00

00 00 00 00 0B 0E 03 00
00 00 00 02 10 10 02 00
00 00 00 0B 10 0E 00 00
00 00 03 10 10 0F 00 00
00 01 0D 10 10 0D 00 00
00 06 10 09 0F 0D 00 00
00 00 00 00 0C 10 01 00
00 00 00 00 09 0E 01 00

00 00 00 01 0C 08 01 00
00 00 00 04 10 10 01 00
00 00 01 0D 10 0B 00 00
00 01 0B 10 10 0C 00 00
00 02 0C 08 10 0A 00 00
00 00 00 00 0F 08 00 00
00 00 00 04 10 04 00 00
00 00 00 03 0D 04 00 00

00 00 0E 0A 00 00 00 00
00 00 0F 0D 00 00 00 00
00 0B 10 10 02 00 00 00
00 03 0A 10 05 00 00 00
00 00 00 0E 0A 00 00 00
00 00 00 0A 0E 00 00 00
00 00 09 0E 10 0B 06 00
00 00 0C 10 10 10 10 09

00 00 00 00 06 10 07 00
00 01 05 0B 10 10 08 00
00 0B 10 10 0D 10 08 00
00 03 07 01 04 10 08 00
00 00 00 00 05 10 08 00
00 00 00 00 05 10 07 00
00 00 00 00 07 10 09 00
00 00 00 00 08 10 08 00

00 00 00 01 10 05 00 00
00 00 00 05 10 0B 00 00
00 00 00 0C 10 0B 00 00
00 07 0C 10 10 07 00 00
00 04 08 0C 10 04 00 00
00 00 00 09 10 02 00 00
00 00 00 0A 10 02 00 00
00 00 00 03 0D 05 00 00

00 00 08 0B 00 00 00 00
00 00 07 10 03 00 00 00
00 00 06 10 0A 00 00 00
00 00 0A 10 0F 01 00 00
00 00 00 02 10 02 00 00
00 00 00 00 0F 09 00 00
00 00 06 0C 10 0F 08 05
00 00 04 0F 10 10 10 10

00 00 01 0F 0B 01 00 00
00 00 02 10 10 07 00 00
00 00 06 10 10 05 00 00
00 00 08 10 10 04 00 00
00 00 09 10 0D 00 00 00
00 00 0B 10 0D 00 00 00
00 00 0B 10 0B 00 00 00
00 00 01 0E 10 03 00 00

00 00 04 0F 0C 02 00 00
00 00 09 10 0E 02 00 00
00 00 0C 10 0F 00 00 00
00 00 0B 10 0C 01 00 00
00 00 09 10 0E 00 00 00
00 00 0A 10 0C 00 00 00
00 00 09 10 0E 00 00 00
00 00 04 0C 0C 00 00 00

00 00 01 0A 0F 0B 07 00
00 00 05 10 10 10 0B 00
00 00 06 10 10 10 06 00
00 00 0C 10 10 0C 00 00
00 02 10 10 10 06 00 00
00 02 0C 10 0C 00 00 00
00 00 09 10 10 07 00 00
00 00 03 0C 10 02 00 00

00 00 00 01 10 0B 00 00
00 00 00 01 10 10 04 00
00 00 00 08 10 10 00 00
00 00 0A 10 10 10 01 00
00 06 10 0E 10 0F 00 00
00 01 03 05 10 0C 00 00
00 00 00 04 10 0C 00 00
00 00 00 02 0F 0C 00 00

00 00 08 0E 01 00 00 00
00 00 07 10 03 00 00 00
00 00 06 10 06 00 00 00
00 00 06 10 09 00 00 00
00 00 02 10 0E 00 00 00
00 00 00 08 10 03 00 00
00 00 0C 0C 10 10 0C 04
00 00 07 10 10 10 0C 05

00 00 00 10 0D 00 00 00
00 00 00 0F 0F 00 00 00
00 00 00 10 0D 00 00 00
00 00 03 10 0B 00 00 00
00 00 02 10 0C 00 00 00
00 00 03 10 0C 00 00 00
00 00 01 10 0C 00 00 00
00 00 00 0C 0F 01 00 00

00 00 07 0E 02 00 00 00
00 00 02 10 06 00 00 00
00 00 02 0F 09 00 00 00
00 00 02 10 0C 00 00 00
00 00 02 10 10 05 00 00
00 00 00 03 0D 0D 00 00
00 00 06 0C 0E 10 0C 05
00 00 05 10 10 10 10 0F

00 00 01 0C 0B 01 00 00
00 00 01 10 10 04 00 00
00 00 03 10 0F 02 00 00
00 00 09 10 0C 00 00 00
00 00 0C 10 05 00 00 00
00 00 0E 10 06 00 00 00
00 00 09 10 08 00 00 00
00 00 02 0B 0D 01 00 00

00 00 01 0F 0E 01 00 00
00 02 0D 10 10 03 00 00
00 05 10 10 10 04 00 00
00 04 10 10 10 01 00 00
00 00 07 10 0D 00 00 00
00 00 05 10 0B 00 00 00
00 00 04 10 0A 00 00 00
00 00 02 10 0B 00 00 00

00 00 00 04 0B 09 05 00
00 00 05 10 10 10 05 00
00 00 0B 10 10 09 00 00
00 04 10 10 10 04 00 00
00 01 0E 10 09 00 00 00
00 04 0F 10 06 00 00 00
00 00 09 10 08 00 00 00
00 00 00 07 05 00 00 00

00 01 0B 10 0F 0C 03 00
00 01 0D 10 10 0C 00 00
00 02 10 10 10 08 00 00
00 00 10 10 10 02 00 00
00 08 10 10 0E 00 00 00
00 07 10 10 09 00 00 00
00 01 0D 10 0D 01 00 00
00 00 08 10 0C 00 00 00

00 00 00 0C 0D 05 00 00
00 00 00 0B 10 09 00 00
00 00 03 0F 10 06 00 00
00 07 0F 10 10 02 00 00
00 00 01 10 10 03 00 00
00 00 01 10 10 06 00 00
00 00 01 10 10 06 00 00
00 00 00 0B 10 0A 00 00

00 00 00 05 10 09 00 00
00 00 01 0D 10 06 00 00
00 00 0D 10 10 04 00 00
00 05 0F 10 10 05 00 00
00 00 00 0A 10 07 00 00
00 00 00 09 10 08 00 00
00 00 00 09 10 0D 00 00
00 00 00 05 0E 09 00 00

00 00 04 0E 10 0E 01 00
00 02 0E 10 10 08 00 00
00 04 10 10 0E 03 00 00
00 04 10 10 0A 00 00 00
00 00 0C 0D 0C 00 00 00
00 01 0E 10 0F 03 00 00
00 00 0A 10 10 0C 00 00
00 00 02 09 0F 10 08 00

00 00 05 0B 0C 05 00 00
00 00 0C 06 02 03 00 00
00 00 09 10 10 04 00 00
00 00 0C 10 10 04 00 00
00 00 0C 10 10 04 00 00
00 00 0C 10 10 04 00 00
00 00 0C 10 10 08 00 00
00 00 06 0C 0B 07 00 00

00 00 05 10 0E 08 00 00
00 00 04 10 10 07 00 00
00 00 0E 10 10 08 00 00
00 00 0E 10 10 08 00 00
00 00 0B 10 10 05 00 00
00 00 0A 10 10 08 00 00
00 00 0B 10 10 0E 03 00
00 00 06 10 10 10 03 00

00 00 00 00 03 0F 06 00
00 00 00 00 0B 10 07 00
00 00 00 09 10 10 04 00
00 00 0A 10 10 10 04 00
00 04 10 07 08 10 04 00
00 01 04 00 0A 10 02 00
00 00 00 00 07 10 01 00
00 00 00 00 03 10 01 00

00 00 06 10 0B 00 00 00
00 00 09 10 10 05 00 00
00 00 08 10 10 04 00 00
00 00 0A 10 0D 00 00 00
00 00 0D 10 0C 00 00 00
00 00 0A 10 09 00 00 00
00 00 09 10 0A 00 00 00
00 00 04 0F 10 03 00 00

00 00 00 00 07 10 06 00
00 00 00 04 10 10 04 00
00 02 0B 0F 10 10 07 00
00 0A 10 0D 0A 10 04 00
00 01 03 00 04 10 05 00
00 00 00 00 07 10 07 00
00 00 00 00 09 10 08 00
00 00 00 00 09 10 06 00

00 00 05 0D 02 00 00 00
00 00 04 10 07 00 00 00
00 00 04 10 04 00 00 00
00 00 04 10 06 00 00 00
00 00 09 10 0A 00 00 00
00 00 02 0B 0F 01 00 00
00 00 0A 0D 10 0F 10 09
00 00 03 0C 10 10 0B 02

00 00 0B 0A 00 00 00 00
00 00 0D 0F 00 00 00 00
00 00 0C 10 05 00 00 00
00 01 0F 10 05 00 00 00
00 00 03 0D 0A 00 00 00
00 00 00 0A 0E 00 00 00
00 00 05 0B 10 09 05 01
00 00 0C 10 10 10 10 0C

00 00 00 04 0E 0E 05 00
00 00 00 09 10 10 07 00
00 00 05 0F 10 0F 03 00
00 04 0F 10 10 0C 00 00
00 05 10 10 10 0C 00 00
00 00 00 0C 10 0D 01 00
00 00 00 08 10 10 07 00
00 00 00 04 0E 0F 06 00

00 00 06 0A 08 03 00 00
00 00 06 10 10 09 00 00
00 00 09 10 10 06 00 00
00 00 07 10 10 0A 00 00
00 00 0B 10 10 08 00 00
00 00 07 10 10 09 00 00
00 00 0A 10 10 06 00 00
00 00 04 09 0C 0B 02 00

00 00 00 00 09 0F 00 00
00 00 01 0A 10 10 01 00
00 05 10 0F 0E 10 00 00
00 01 08 00 0A 10 00 00
00 00 00 00 0B 10 00 00
00 00 00 00 0A 0F 00 00
00 00 00 00 0C 10 03 00
00 00 00 00 08 10 03 00

00 00 03 08 0B 0B 01 00
00 00 03 10 10 0C 00 00
00 00 02 0F 10 0C 00 00
00 00 00 10 10 07 00 00
00 00 01 0F 10 0A 00 00
00 00 01 10 10 06 00 00
00 00 03 10 10 05 00 00
00 00 02 0F 10 06 00 00

00 01 0D 0D 0A 00 00 00
00 01 0D 10 0F 00 00 00
00 00 0C 10 10 00 00 00
00 00 10 10 0C 00 00 00
00 00 0F 10 0D 01 00 00
00 00 0F 10 0B 00 00 00
00 00 10 10 10 05 00 00
00 00 0E 10 0F 08 01 00

00 00 08 06 00 00 00 00
00 00 06 0E 00 00 00 00
00 00 06 10 03 00 00 00
00 00 0A 10 09 00 00 00
00 00 01 06 10 02 00 00
00 00 00 00 0D 07 00 00
00 00 04 08 0E 0E 08 04
00 00 09 10 10 10 10 0D

00 00 0B 0F 0C 01 00 00
00 00 07 10 10 07 00 00
00 00 0C 10 10 10 01 00
00 00 0D 10 10 0D 02 00
00 00 0E 10 10 04 00 00
00 02 10 10 0E 00 00 00
00 00 0E 10 0E 00 00 00
00 00 08 10 0D 01 00 00

00 00 00 01 0B 0E 05 00
00 00 00 09 10 10 05 00
00 00 0A 10 10 10 01 00
00 05 10 10 10 10 00 00
00 01 05 0B 10 10 00 00
00 00 00 05 10 10 00 00
00 00 00 00 0B 10 00 00
00 00 00 00 0B 0A 00 00

