00 00 02 0D 0F 07 01 00
00 00 07 10 0F 10 0A 00
00 00 0E 10 0A 0A 0A 00
00 02 10 03 00 08 08 00
00 05 0D 00 00 09 08 00
00 06 0D 00 00 0C 03 00
00 02 10 06 09 0A 00 00
00 00 03 0E 0E 01 00 00

00 00 02 0A 0F 01 00 00
00 03 10 10 0D 0D 00 00
00 05 10 0C 01 0C 01 00
00 07 0D 05 00 07 05 00
00 02 0E 00 00 07 0A 00
00 00 0C 02 00 0C 07 00
00 00 09 0C 0C 10 04 00
00 00 00 0A 10 06 00 00

00 00 07 0D 08 04 00 00
00 01 0F 0B 09 0F 02 00
00 04 10 06 00 08 07 00
00 04 0A 00 00 07 08 00
00 04 0A 00 00 08 08 00
00 05 0C 00 00 0C 05 00
00 03 0F 05 09 0E 02 00
00 00 08 0E 0C 03 00 00

00 00 03 0D 09 01 00 00
00 00 0D 0E 0F 0D 00 00
00 02 0E 01 02 0D 04 00
00 04 08 00 00 05 08 00
00 04 08 00 00 04 08 00
00 04 0A 00 00 05 08 00
00 00 0E 0B 0A 0E 05 00
00 00 04 0C 0D 09 00 00

00 00 05 0D 09 01 00 00
00 00 0D 0F 0A 0F 05 00
00 03 0F 02 00 0B 08 00
00 04 0C 00 00 08 08 00
00 05 08 00 00 09 08 00
00 04 0B 00 01 0C 07 00
00 02 0E 05 0A 0C 00 00
00 00 06 0D 0A 00 00 00

00 00 0A 07 03 00 00 00
00 01 0F 0C 0E 06 00 00
00 05 0C 00 02 0D 00 00
00 04 0C 00 00 04 07 00
00 08 05 00 00 04 08 00
00 05 08 00 00 05 0A 00
00 00 0E 03 04 0E 06 00
00 00 07 10 10 0A 00 00

00 00 02 0E 0D 02 00 00
00 00 0B 10 0F 0D 00 00
00 00 0D 0D 01 10 03 00
00 00 0C 0D 00 0F 06 00
00 01 10 07 01 10 04 00
00 01 10 05 08 10 01 00
00 00 0F 0D 0F 0D 00 00
00 00 03 0F 0F 02 00 00

00 00 03 10 09 00 00 00
00 04 0F 0F 10 07 00 00
00 08 10 03 07 0C 00 00
00 06 10 03 00 0D 03 00
00 08 0A 00 00 0C 08 00
00 01 0F 02 00 09 0B 00
00 00 0D 0E 0A 0F 0C 00
00 00 03 0A 10 0E 03 00

00 00 04 0D 08 00 00 00
00 00 0D 10 0F 07 00 00
00 03 10 09 06 0F 06 00
00 08 0E 00 00 04 08 00
00 08 0C 00 00 04 08 00
00 04 0C 00 00 0B 06 00
00 00 0E 0A 0C 0E 01 00
00 00 07 0F 0B 02 00 00

00 00 07 10 0F 04 00 00
00 00 0E 10 09 0F 02 00
00 01 0F 0C 01 09 08 00
00 04 10 00 00 07 0A 00
00 07 0D 00 00 0A 0B 00
00 07 0C 00 02 0F 06 00
00 03 0F 0C 0E 0E 01 00
00 00 0A 10 0E 04 00 00

00 00 01 0D 0C 05 00 00
00 00 0B 10 04 0D 02 00
00 02 10 04 00 08 05 00
00 07 0C 00 00 08 08 00
00 06 0C 00 00 05 08 00
00 03 10 00 00 08 07 00
00 01 0F 08 06 0F 03 00
00 00 02 0D 0F 06 00 00

00 00 08 0C 0C 01 00 00
00 03 10 10 0E 09 00 00
00 06 0F 09 03 0C 02 00
00 07 09 00 00 09 07 00
00 07 08 00 00 07 08 00
00 05 0A 00 00 07 09 00
00 00 0E 0D 0A 10 06 00
00 00 05 0D 0B 04 00 00

00 00 03 0E 0A 01 00 00
00 02 0E 0C 0F 0E 01 00
00 06 0D 00 03 0E 08 00
00 05 0C 00 00 0B 08 00
00 04 0E 00 00 0C 07 00
00 01 0E 04 03 10 03 00
00 00 08 0C 0C 0C 00 00
00 00 02 0F 0A 03 00 00

00 00 09 0D 10 05 00 00
00 03 10 08 04 0D 00 00
00 06 0A 01 00 09 02 00
00 05 04 00 00 04 08 00
00 08 04 00 00 04 08 00
00 06 06 00 00 04 09 00
00 00 0D 02 00 07 08 00
00 00 08 0C 0D 0F 02 00

00 00 05 0C 01 06 00 00
00 00 0B 0C 00 10 02 00
00 00 10 05 00 0C 04 00
00 03 0F 00 00 08 04 00
00 07 0C 00 00 04 07 00
00 02 0F 01 01 0C 05 00
00 00 10 0B 0C 0F 03 00
00 00 04 0C 0C 03 00 00

00 00 00 10 0C 01 00 00
00 00 06 10 0E 07 00 00
00 00 0E 0F 01 0B 00 00
00 00 10 0F 00 0E 01 00
00 01 10 0A 00 0E 02 00
00 00 0F 0D 03 0F 03 00
00 00 09 10 10 0F 00 00
00 00 00 0D 10 08 00 00

00 00 07 08 0C 06 00 00
00 01 0E 0B 0C 0F 00 00
00 03 0F 00 00 0A 05 00
00 04 09 00 00 08 04 00
00 08 08 00 00 0D 00 00
00 07 09 00 09 0B 00 00
00 02 0E 0A 0E 05 00 00
00 00 09 0F 06 00 00 00

00 00 04 0F 0E 04 00 00
00 01 0E 08 0A 0D 01 00
00 05 0D 00 00 10 03 00
00 06 0C 00 00 0D 03 00
00 07 0C 00 00 0E 03 00
00 01 10 00 00 0E 03 00
00 00 0A 0B 0C 0E 00 00
00 00 01 0B 0C 03 00 00

00 00 01 0D 0E 01 00 00
00 01 0B 10 0A 0C 00 00
00 06 10 0F 00 0D 03 00
00 07 0E 05 00 08 09 00
00 06 0D 00 00 08 0B 00
00 04 0F 00 01 0E 09 00
00 00 0E 08 0C 10 03 00
00 00 03 0F 0F 04 00 00

00 00 0A 0C 0E 01 00 00
00 00 10 10 10 0C 00 00
00 05 10 08 03 10 00 00
00 08 0D 00 00 08 07 00
00 08 0C 00 00 06 08 00
00 08 0D 00 04 0C 08 00
00 07 10 10 10 0D 00 00
00 00 0B 0E 08 01 00 00

00 00 00 0A 0D 03 00 00
00 00 08 10 0E 0C 00 00
00 03 10 0D 00 0E 01 00
00 05 10 06 00 0E 05 00
00 06 10 00 00 0F 04 00
00 02 0D 01 05 10 04 00
00 00 0A 10 10 0E 01 00
00 00 02 0B 0D 06 00 00

00 00 00 0A 0F 01 00 00
00 00 05 10 10 0A 00 00
00 00 0E 06 06 0F 00 00
00 04 10 04 00 0F 03 00
00 05 0F 05 00 0B 05 00
00 00 0C 0B 00 0D 05 00
00 00 08 10 10 10 03 00
00 00 01 08 0D 08 00 00

00 00 00 0C 0B 00 00 00
00 00 0C 0C 09 0A 00 00
00 02 10 02 01 0B 01 00
00 01 0F 00 00 05 08 00
00 02 0E 00 00 05 0A 00
00 00 0D 02 00 02 0D 00
00 00 07 09 00 07 0B 00
00 00 00 0B 0D 10 02 00

00 00 05 0F 0E 03 00 00
00 00 0D 0F 09 0F 02 00
00 04 10 0C 00 0A 06 00
00 08 10 09 00 08 0A 00
00 07 0F 05 00 0C 0B 00
00 07 0D 00 05 10 06 00
00 00 10 0C 0F 0D 01 00
00 00 06 10 0C 02 00 00

00 00 05 0B 04 01 00 00
00 00 0F 10 10 0B 00 00
00 02 10 09 02 0C 04 00
00 06 0D 00 00 06 06 00
00 03 0D 00 00 05 09 00
00 03 10 00 00 06 08 00
00 00 0D 0C 08 10 07 00
00 00 04 0D 0C 0A 00 00

00 00 03 0A 10 04 00 00
00 01 0F 10 10 0A 00 00
00 06 0A 02 03 0E 01 00
00 08 06 00 00 0A 04 00
00 04 08 00 00 05 08 00
00 00 0F 00 00 09 08 00
00 00 0C 0E 0A 10 03 00
00 00 04 0E 0D 05 00 00

00 00 01 0C 05 00 00 00
00 00 09 10 0E 03 00 00
00 02 10 0E 0B 0D 00 00
00 02 10 0A 00 0E 04 00
00 04 10 00 00 0C 04 00
00 04 10 03 00 0B 0A 00
00 00 0D 0C 08 0E 06 00
00 00 03 0A 10 0C 01 00

00 00 0A 0A 0C 07 00 00
00 00 0F 0D 05 0C 05 00
00 04 0D 04 00 02 08 00
00 08 04 00 00 03 08 00
00 08 04 00 00 07 05 00
00 06 06 00 00 0B 02 00
00 01 0D 03 03 0C 00 00
00 00 07 0F 10 07 00 00

00 00 02 0F 08 00 00 00
00 00 07 0E 0F 08 00 00
00 07 0F 03 03 0F 00 00
00 06 10 01 00 09 08 00
00 04 0C 00 00 08 08 00
00 00 0C 03 00 0C 07 00
00 00 09 0D 0D 0F 01 00
00 00 01 09 0C 05 00 00

00 00 07 0F 09 05 00 00
00 00 0E 10 0E 0F 00 00
00 01 10 08 04 06 04 00
00 04 0F 01 00 06 05 00
00 03 0B 00 00 07 05 00
00 03 0B 00 01 0D 02 00
00 01 0D 08 0D 0D 00 00
00 00 06 0F 0B 01 00 00

00 00 05 08 0B 05 00 00
00 00 0D 10 0C 0C 00 00
00 01 10 09 00 09 03 00
00 03 10 06 00 06 06 00
00 03 0B 01 00 05 06 00
00 00 0C 00 00 0B 06 00
00 00 0E 05 0C 0F 01 00
00 00 06 10 0D 02 00 00

00 00 0A 0E 0B 03 00 00
00 04 10 0D 06 0E 01 00
00 04 10 02 00 0B 07 00
00 08 10 00 00 0A 05 00
00 08 10 00 00 0E 04 00
00 08 10 00 01 10 01 00
00 04 10 01 0B 0F 00 00
00 00 0B 10 0C 03 00 00

00 00 0A 0F 06 00 00 00
00 02 10 0E 10 07 00 00
00 04 10 08 05 10 01 00
00 05 0C 00 00 0C 08 00
00 08 09 00 00 0C 08 00
00 05 0C 00 01 0F 03 00
00 04 0D 04 0C 0D 00 00
00 00 09 10 0D 04 00 00

00 00 04 0E 0E 04 00 00
00 00 0F 0A 0A 0D 00 00
00 05 0F 00 02 0F 06 00
00 04 0D 00 00 0E 08 00
00 06 09 00 00 0C 07 00
00 03 0E 01 00 0C 05 00
00 00 0C 09 06 0F 02 00
00 00 03 0E 0E 06 00 00

00 00 04 0D 0E 08 00 00
00 03 0E 03 01 10 03 00
00 07 09 00 00 0E 06 00
00 08 04 00 00 10 04 00
00 08 06 00 00 10 00 00
00 03 0B 00 01 0E 00 00
00 00 0C 04 06 0B 00 00
00 00 05 10 0E 01 00 00

00 00 02 0F 05 00 00 00
00 00 0B 10 10 06 00 00
00 03 0E 03 07 10 03 00
00 07 08 00 00 08 08 00
00 05 08 00 00 04 08 00
00 04 0C 00 00 08 08 00
00 00 0E 09 08 10 02 00
00 00 03 0E 0F 06 00 00

00 00 02 0E 0D 00 00 00
00 00 0A 0F 0F 08 00 00
00 02 10 07 04 0F 00 00
00 04 10 04 00 0D 07 00
00 04 10 01 00 0A 08 00
00 04 10 05 01 0C 0B 00
00 01 0F 0E 0D 10 03 00
00 00 03 0C 0D 05 00 00

00 00 09 0E 0F 06 00 00
00 02 10 0C 01 0D 00 00
00 03 0C 07 00 08 04 00
00 06 0B 04 00 07 02 00
00 04 09 00 00 0C 01 00
00 03 09 00 04 0B 00 00
00 01 0C 05 0C 03 00 00
00 00 06 0E 05 00 00 00

00 00 04 0E 0E 02 00 00
00 05 10 0B 07 0A 00 00
00 04 10 04 00 0B 01 00
00 07 0E 01 00 07 05 00
00 04 0A 00 00 07 07 00
00 01 0C 00 00 0C 03 00
00 00 09 06 06 0D 00 00
00 00 00 0A 0E 04 00 00

00 00 07 0B 0F 09 00 00
00 00 0F 0F 04 0B 04 00
00 03 0B 05 00 02 0A 00
00 07 08 00 00 03 08 00
00 06 08 00 00 04 08 00
00 05 08 00 00 08 05 00
00 01 0C 02 01 0D 00 00
00 00 05 10 0E 03 00 00

00 00 04 10 0F 02 00 00
00 00 0B 10 0D 0D 00 00
00 01 10 08 01 10 02 00
00 07 10 06 00 0B 08 00
00 07 10 04 00 0B 08 00
00 04 0F 01 01 0F 07 00
00 00 0D 0C 0E 0F 01 00
00 00 03 0E 10 06 00 00

00 00 03 0C 0B 01 00 00
00 01 0E 0E 0F 08 00 00
00 03 10 02 05 10 01 00
00 04 10 00 00 0E 06 00
00 04 10 00 00 0B 08 00
00 03 10 02 00 0A 08 00
00 00 0A 0F 0D 10 03 00
00 00 01 0F 0E 06 00 00

00 00 02 0F 0D 02 00 00
00 00 08 10 0F 0C 00 00
00 00 09 0E 01 0F 05 00
00 00 0E 0D 00 0B 09 00
00 03 10 0B 00 0C 09 00
00 02 10 03 02 10 06 00
00 01 0D 0B 0F 0E 00 00
00 00 04 10 0F 05 00 00

00 00 02 0C 04 00 00 00
00 01 0C 10 10 03 00 00
00 07 10 06 04 0D 00 00
00 08 10 06 00 0D 05 00
00 01 10 05 00 07 09 00
00 00 10 08 00 08 0C 00
00 00 0D 0E 0E 10 0A 00
00 00 04 0E 0F 07 00 00

00 00 02 0B 0F 02 00 00
00 00 0C 06 0B 09 00 00
00 04 0B 00 07 10 00 00
00 05 06 00 01 10 06 00
00 05 04 00 00 0A 07 00
00 00 0A 00 00 0A 05 00
00 00 0D 02 06 0C 00 00
00 00 04 10 0C 01 00 00

00 00 02 0C 0E 04 00 00
00 00 0F 0C 0B 0D 00 00
00 04 10 04 01 0E 06 00
00 04 0C 00 00 08 08 00
00 06 09 00 00 05 08 00
00 03 0C 01 00 0C 08 00
00 00 08 0C 09 10 03 00
00 00 00 0A 0D 03 00 00

00 00 00 0C 0B 01 00 00
00 00 03 10 0D 0A 00 00
00 00 08 09 01 0C 00 00
00 02 10 09 00 0A 05 00
00 04 10 08 00 07 08 00
00 01 10 03 00 0A 07 00
00 00 08 0D 09 10 06 00
00 00 01 0A 10 0D 01 00

00 00 04 0F 0D 02 00 00
00 04 10 0F 07 0B 00 00
00 08 0E 0E 00 0E 02 00
00 07 09 0C 04 08 07 00
00 06 0B 00 00 07 09 00
00 02 0F 01 00 0A 08 00
00 00 0B 08 04 0F 04 00
00 00 02 0E 10 0A 00 00

00 00 06 0F 0F 03 00 00
00 03 10 0E 0E 0D 00 00
00 06 0F 02 01 0E 05 00
00 08 0E 02 00 09 08 00
00 08 10 04 00 08 08 00
00 05 10 06 00 0B 09 00
00 01 10 10 0E 10 09 00
00 00 05 0E 0F 0A 01 00

00 00 06 10 0F 05 00 00
00 01 10 0E 08 0F 01 00
00 09 0D 01 00 0C 06 00
00 05 09 00 00 09 0A 00
00 06 09 00 00 09 0B 00
00 07 10 01 00 0B 0B 00
00 03 10 0B 0D 10 08 00
00 00 08 10 10 0C 01 00

00 00 07 0C 0D 02 00 00
00 00 0E 0D 08 0D 00 00
00 03 10 01 00 0B 02 00
00 04 0E 00 00 05 08 00
00 05 08 00 00 05 08 00
00 04 10 00 02 0E 07 00
00 02 10 0A 0E 0F 01 00
00 00 06 0E 0E 04 00 00

00 00 08 0E 0B 02 00 00
00 06 10 07 06 0D 01 00
00 08 0B 00 00 0A 04 00
00 07 08 00 00 05 07 00
00 08 04 00 00 07 08 00
00 02 0A 00 00 07 0A 00
00 00 0E 03 04 0F 03 00
00 00 05 10 10 07 00 00

00 00 02 0D 0F 08 00 00
00 00 0A 0E 0A 0B 08 00
00 00 10 01 00 00 09 00
00 03 0D 00 00 00 08 00
00 04 0C 00 00 01 08 00
00 05 0C 00 00 0A 00 00
00 00 0F 08 07 0A 00 00
00 00 04 0E 0E 01 00 00

00 00 0A 10 0E 02 00 00
00 03 10 09 08 0E 00 00
00 05 10 03 02 0F 06 00
00 05 10 03 00 0C 0A 00
00 07 0E 00 00 0C 0B 00
00 07 10 01 03 10 05 00
00 04 10 07 0C 0B 01 00
00 00 0A 10 0E 03 00 00

00 00 09 0F 06 00 00 00
00 02 10 10 10 07 00 00
00 04 0E 05 0B 0D 00 00
00 07 0C 00 00 0C 04 00
00 08 0B 00 00 07 05 00
00 04 0D 01 01 0A 06 00
00 02 10 0F 0F 0E 01 00
00 00 08 0F 0B 04 00 00

00 00 03 0D 0D 03 00 00
00 00 0E 08 07 0F 01 00
00 03 10 00 00 09 06 00
00 06 0D 00 00 04 08 00
00 04 09 00 00 04 08 00
00 01 0D 00 00 05 08 00
00 00 0E 07 00 0B 04 00
00 00 03 0F 10 0E 00 00

00 00 01 0C 0C 03 00 00
00 00 09 0D 05 0E 00 00
00 00 0F 03 00 0A 02 00
00 03 10 04 00 09 04 00
00 04 0D 00 00 09 02 00
00 03 0D 00 01 0F 00 00
00 00 0D 06 08 09 00 00
00 00 02 0E 0C 02 00 00

00 00 00 09 0F 06 00 00
00 00 05 0F 10 0F 00 00
00 00 0F 0F 04 10 03 00
00 02 0E 05 00 0C 08 00
00 06 0D 00 01 0E 06 00
00 01 0A 0E 0F 10 03 00
00 00 03 10 10 0E 01 00
00 00 00 09 0D 05 00 00

00 00 05 0D 0D 05 00 00
00 00 10 10 0A 0F 03 00
00 05 10 02 01 08 04 00
00 04 0D 00 00 04 08 00
00 08 0C 00 00 06 07 00
00 05 0F 00 00 07 07 00
00 00 10 08 05 0F 03 00
00 00 05 0E 0F 09 00 00

00 00 0B 10 0A 01 00 00
00 01 0F 0E 0F 0B 00 00
00 07 0E 01 04 10 03 00
00 07 0D 00 00 0A 0B 00
00 09 0C 00 00 08 0C 00
00 05 0E 00 00 07 0D 00
00 01 10 0A 05 0F 08 00
00 00 07 10 10 0F 00 00

00 00 02 0C 09 00 00 00
00 00 0B 0F 0C 05 00 00
00 00 0F 05 00 0E 00 00
00 02 0F 01 00 09 07 00
00 04 0A 00 00 07 08 00
00 00 0C 00 00 08 0A 00
00 02 0F 05 0A 10 01 00
00 00 05 0E 0C 04 00 00

00 00 03 0B 07 01 00 00
00 00 0A 0F 0E 0E 00 00
00 02 10 0A 01 0C 04 00
00 02 10 03 00 04 08 00
00 05 0C 00 00 06 08 00
00 01 0C 00 00 0B 09 00
00 00 0F 09 0E 0F 01 00
00 00 04 0F 0F 04 00 00

00 00 04 0E 0B 00 00 00
00 03 0F 0F 10 09 00 00
00 08 0D 00 03 0F 01 00
00 08 0C 00 00 08 06 00
00 08 0C 00 00 08 08 00
00 05 0D 01 00 08 08 00
00 02 0F 0E 0C 0F 06 00
00 00 05 10 0F 08 00 00

00 00 00 0E 0C 02 00 00
00 00 00 06 08 0E 01 00
00 00 09 0B 00 0D 05 00
00 02 10 08 00 08 08 00
00 05 0D 00 00 08 07 00
00 06 0D 00 00 0B 04 00
00 00 0C 0A 06 0E 00 00
00 00 01 0B 0E 07 00 00

00 00 00 09 0E 06 00 00
00 00 0A 0D 04 0D 02 00
00 02 0E 00 00 0A 06 00
00 04 09 00 00 06 08 00
00 05 08 00 00 08 07 00
00 02 0B 01 00 09 05 00
00 00 06 0B 04 0D 03 00
00 00 01 0B 10 0C 00 00

00 00 0A 0D 0E 08 00 00
00 00 0D 09 05 0C 05 00
00 04 0D 00 00 04 08 00
00 04 08 00 00 04 08 00
00 08 04 00 00 0D 02 00
00 08 04 00 09 0A 00 00
00 04 0C 0C 0D 01 00 00
00 01 0B 0B 01 00 00 00

00 00 04 0D 0B 07 00 00
00 00 0E 10 0D 10 02 00
00 05 10 04 00 05 07 00
00 08 0E 00 00 04 08 00
00 06 09 00 00 04 08 00
00 02 0E 01 00 08 06 00
00 00 0D 0C 09 0F 02 00
00 00 03 10 0C 05 00 00

00 00 04 0B 0F 08 00 00
00 00 0D 10 0B 0D 07 00
00 03 10 0C 00 04 08 00
00 06 10 05 00 04 08 00
00 07 09 00 00 09 07 00
00 04 0A 00 02 0F 02 00
00 01 10 0C 0E 0A 00 00
00 00 04 0E 0E 01 00 00

00 00 02 0D 0A 03 00 00
00 00 0A 0F 0C 0D 01 00
00 00 10 04 00 06 04 00
00 02 10 03 00 01 07 00
00 05 0D 05 00 02 08 00
00 04 0C 00 00 03 08 00
00 00 0D 05 06 0D 05 00
00 00 05 0E 0D 08 01 00

00 00 06 0F 09 00 00 00
00 00 0B 10 10 0D 00 00
00 00 0A 10 10 10 07 00
00 01 10 08 00 0B 08 00
00 07 0E 01 00 0A 08 00
00 08 0C 00 00 0D 04 00
00 05 10 08 09 0D 00 00
00 00 06 0C 0D 05 00 00

00 00 01 0F 0D 01 00 00
00 00 07 10 0E 08 00 00
00 08 0C 09 02 0D 02 00
00 07 09 01 00 06 06 00
00 05 09 00 00 03 09 00
00 00 0F 02 00 08 0C 00
00 00 09 0F 0D 10 06 00
00 00 00 0D 0E 08 00 00

00 00 07 0E 10 0D 01 00
00 00 0F 0D 03 0D 08 00
00 06 0F 02 00 08 08 00
00 06 10 00 00 06 0B 00
00 09 0D 00 00 0D 09 00
00 05 0F 00 05 10 05 00
00 04 10 09 10 0C 00 00
00 00 08 10 0C 03 00 00

00 00 04 0E 10 04 00 00
00 00 0C 08 09 0C 00 00
00 02 0B 00 00 0C 03 00
00 04 07 00 00 05 08 00
00 06 04 00 00 04 08 00
00 04 09 00 00 06 08 00
00 00 0E 09 06 0F 02 00
00 00 04 10 0F 05 00 00

00 00 06 0E 0B 01 00 00
00 00 0F 05 06 0F 00 00
00 04 10 00 00 09 03 00
00 08 09 00 00 04 08 00
00 07 08 00 00 04 08 00
00 04 08 00 00 09 04 00
00 01 0D 02 03 0E 00 00
00 00 05 0E 0F 04 00 00

00 00 01 0D 0A 00 00 00
00 07 10 10 10 07 00 00
00 08 10 0D 0A 0F 00 00
00 08 10 02 02 0F 03 00
00 05 0F 02 00 0C 07 00
00 01 0F 06 02 10 03 00
00 00 0B 0F 0D 10 00 00
00 00 01 0F 0E 08 00 00

00 00 00 09 0D 03 00 00
00 00 08 0F 0C 0F 02 00
00 00 0C 08 00 0F 04 00
00 03 0D 00 00 0A 07 00
00 08 09 00 00 0D 07 00
00 02 10 04 07 10 05 00
00 00 0E 0E 10 0F 01 00
00 00 01 0C 0E 04 00 00

00 00 0B 08 0C 05 00 00
00 01 0F 0B 06 0E 02 00
00 04 0B 00 00 09 04 00
00 04 08 00 00 08 06 00
00 06 07 00 00 0B 03 00
00 05 08 00 05 0D 00 00
00 03 0D 05 0F 03 00 00
00 00 09 0E 04 00 00 00

00 00 0A 0C 0A 00 00 00
00 03 10 10 10 04 00 00
00 07 0F 03 08 0D 00 00
00 08 0C 00 00 0E 01 00
00 08 0C 00 00 07 08 00
00 05 0D 00 00 04 08 00
00 00 0E 08 00 0A 08 00
00 00 07 0C 0D 0C 04 00

00 00 02 0B 0D 05 00 00
00 01 0E 09 08 0E 00 00
00 06 0D 01 02 10 02 00
00 07 07 00 00 0C 05 00
00 07 09 00 00 03 09 00
00 02 0C 00 00 04 0B 00
00 00 0C 06 04 0E 07 00
00 00 03 0D 10 09 00 00

00 00 04 0D 0C 01 00 00
00 02 0F 0E 10 0D 00 00
00 06 10 04 06 10 05 00
00 08 0F 01 00 0C 08 00
00 08 0C 00 00 0C 08 00
00 05 0D 00 01 0D 08 00
00 01 0F 0A 0C 10 03 00
00 00 06 10 0D 04 00 00

00 00 03 0C 0A 01 00 00
00 01 10 10 10 0A 00 00
00 05 10 0D 06 10 01 00
00 05 10 07 00 0D 03 00
00 05 10 04 00 0D 07 00
00 01 10 08 00 0E 07 00
00 00 0D 0E 0D 10 03 00
00 00 02 0D 0F 06 00 00

00 00 01 0C 0E 03 00 00
00 01 0D 0B 09 0D 00 00
00 07 0B 00 01 10 04 00
00 08 06 00 02 0F 00 00
00 04 0C 00 00 0F 00 00
00 00 0F 01 01 0F 00 00
00 00 07 0A 07 0D 00 00
00 00 01 0D 10 07 00 00

00 00 00 07 0D 09 01 00
00 00 07 0F 08 0F 05 00
00 01 0F 02 00 0A 08 00
00 04 0C 00 00 0C 07 00
00 05 09 00 00 0E 03 00
00 04 0E 00 00 0B 00 00
00 01 10 08 08 0B 00 00
00 00 02 0B 0E 05 00 00

00 00 05 0F 0C 04 00 00
00 02 0F 08 0B 10 04 00
00 08 09 00 06 10 04 00
00 08 08 00 02 0A 08 00
00 08 07 00 00 0D 05 00
00 02 0E 00 00 10 02 00
00 00 0E 08 0B 0A 00 00
00 00 04 0D 0E 00 00 00

00 00 04 0C 0A 01 00 00
00 03 10 0D 0F 0A 00 00
00 05 10 02 01 0E 03 00
00 08 0D 00 00 0A 08 00
00 08 0C 00 00 08 08 00
00 08 0E 00 00 0B 08 00
00 03 10 0E 0D 10 02 00
00 00 08 10 0D 05 00 00

00 00 09 0F 05 00 00 00
00 03 0F 0F 10 04 00 00
00 0A 0E 00 09 0E 00 00
00 08 0C 00 00 0C 05 00
00 08 08 00 00 0A 08 00
00 05 0E 00 00 0C 08 00
00 00 10 07 0C 10 04 00
00 00 09 10 0F 07 00 00

00 00 03 0C 09 00 00 00
00 00 0C 0C 0B 0D 00 00
00 02 0F 02 00 0C 05 00
00 04 08 00 00 06 08 00
00 08 07 00 00 04 08 00
00 07 07 00 00 09 07 00
00 03 0D 04 07 10 02 00
00 00 06 10 0F 05 00 00

00 00 00 09 08 01 00 00
00 00 05 10 10 08 00 00
00 04 10 0F 01 0F 00 00
00 06 10 0C 00 0C 01 00
00 05 10 0B 00 0B 06 00
00 01 0F 08 04 0F 06 00
00 00 05 10 10 0F 00 00
00 00 00 07 0E 09 00 00

00 00 02 0C 0C 01 00 00
00 02 0C 0C 06 0B 00 00
00 0A 0D 00 00 0A 02 00
00 08 0B 00 00 06 06 00
00 07 09 00 00 04 09 00
00 03 0D 00 00 08 0C 00
00 00 0C 0C 09 10 07 00
00 00 01 0C 10 09 01 00

00 00 05 0D 0B 01 00 00
00 03 10 0B 08 0C 00 00
00 05 10 00 00 0D 03 00
00 05 0D 00 00 06 07 00
00 07 0A 00 00 08 07 00
00 04 0D 00 01 0E 05 00
00 01 0F 05 0C 0A 00 00
00 00 07 10 0A 01 00 00

00 00 05 0F 0D 02 00 00
00 01 0F 0B 08 0D 00 00
00 05 0E 00 00 0E 05 00
00 09 10 01 00 07 09 00
00 09 0D 00 00 05 0E 00
00 06 10 02 00 05 0F 00
00 02 0E 0B 05 0E 0C 00
00 00 05 0F 10 0F 03 00

00 00 02 0C 0C 02 00 00
00 00 0A 10 10 09 00 00
00 03 10 10 08 0F 03 00
00 06 10 06 00 0D 08 00
00 08 10 04 00 0F 08 00
00 05 10 08 0C 10 06 00
00 00 0F 10 10 0F 02 00
00 00 03 0D 0C 03 00 00

00 00 03 0C 08 01 00 00
00 00 0E 10 10 0F 01 00
00 03 0F 02 01 0C 04 00
00 06 09 00 00 07 08 00
00 07 08 00 00 05 08 00
00 04 0C 00 00 09 06 00
00 00 0F 0B 09 10 02 00
00 00 03 0B 0F 07 00 00

00 00 03 0B 10 0A 00 00
00 00 0A 10 0A 0E 06 00
00 00 0F 07 00 0B 08 00
00 03 10 02 00 08 08 00
00 04 0C 00 00 09 08 00
00 06 0F 01 00 0C 08 00
00 03 0F 0A 08 0F 04 00
00 00 05 0C 0E 09 00 00

00 00 07 0E 08 04 00 00
00 00 10 08 0F 0E 01 00
00 04 10 04 00 08 04 00
00 08 0E 00 00 04 04 00
00 08 10 00 00 04 05 00
00 03 10 01 00 0B 04 00
00 00 0F 10 10 0C 00 00
00 00 06 0D 07 00 00 00

00 00 00 0E 0C 01 00 00
00 00 04 0F 07 0A 00 00
00 02 10 0F 05 0C 02 00
00 07 10 00 00 0B 05 00
00 05 0C 00 00 0C 04 00
00 01 0F 00 00 0E 02 00
00 00 09 06 07 0F 00 00
00 00 01 0D 10 08 00 00

00 00 02 10 0F 05 00 00
00 00 0A 10 0E 0F 00 00
00 00 0F 0A 00 10 07 00
00 04 10 01 00 0C 05 00
00 04 0F 00 00 0C 05 00
00 05 10 06 00 10 00 00
00 00 0E 0D 08 0F 00 00
00 00 03 0E 10 06 00 00

00 00 01 0D 0C 01 00 00
00 00 09 10 10 0C 00 00
00 00 0E 06 00 0D 03 00
00 06 0A 00 00 0A 06 00
00 07 0D 00 00 09 08 00
00 03 10 01 03 0E 07 00
00 00 0B 10 10 10 01 00
00 00 00 0B 10 06 00 00

00 00 00 10 06 00 00 00
00 00 0B 10 10 0B 00 00
00 04 10 0B 0D 0E 00 00
00 07 0C 01 03 0D 00 00
00 04 0A 00 00 10 00 00
00 02 0E 00 01 10 01 00
00 00 09 07 09 0E 00 00
00 00 01 0B 0F 03 00 00

00 00 05 10 08 00 00 00
00 00 0A 05 0C 06 00 00
00 04 0E 00 02 0D 00 00
00 04 0A 00 00 09 08 00
00 05 08 00 00 08 08 00
00 02 0B 00 00 09 06 00
00 00 0F 06 08 0F 01 00
00 00 04 0D 0C 03 00 00

00 00 00 0E 07 00 00 00
00 01 09 10 10 03 00 00
00 04 10 08 0B 0B 00 00
00 03 10 07 04 10 04 00
00 08 10 04 00 10 08 00
00 05 10 0A 00 0D 0B 00
00 00 0D 10 10 10 09 00
00 00 02 0A 0D 06 00 00

00 00 04 0F 0C 02 00 00
00 02 0F 07 0B 0A 00 00
00 04 10 00 00 0F 01 00
00 06 0A 00 00 0A 08 00
00 08 08 00 00 06 08 00
00 05 0C 00 00 0B 08 00
00 02 10 07 08 10 02 00
00 00 06 0F 10 08 00 00

00 00 05 0F 0C 01 00 00
00 00 08 08 06 0C 00 00
00 02 05 00 00 0C 02 00
00 04 0E 00 00 08 06 00
00 07 0B 00 00 09 07 00
00 03 0D 00 00 0C 03 00
00 00 10 05 09 0E 01 00
00 00 05 0F 0B 04 00 00

00 00 00 0C 06 00 00 00
00 00 08 0F 0D 04 00 00
00 05 10 06 03 0C 00 00
00 07 0E 01 00 0B 05 00
00 03 0E 00 00 07 0A 00
00 01 0E 02 00 09 09 00
00 00 09 0B 06 0F 05 00
00 00 00 0A 10 0B 00 00

00 00 05 10 0E 01 00 00
00 00 0E 0E 0E 09 00 00
00 01 0F 06 01 0C 01 00
00 03 10 01 00 0A 04 00
00 05 10 05 00 0B 02 00
00 02 10 02 03 10 00 00
00 00 0B 0D 0E 0C 00 00
00 00 03 0F 0F 05 00 00

00 00 06 10 10 08 00 00
00 02 10 08 09 10 03 00
00 08 10 01 00 09 09 00
00 09 0C 00 00 08 0C 00
00 0A 0C 00 00 08 0A 00
00 08 0D 00 00 09 08 00
00 02 10 08 06 0F 03 00
00 00 08 10 0F 08 00 00

00 00 04 0F 10 06 00 00
00 00 10 0C 08 0F 00 00
00 07 10 04 00 0B 05 00
00 0A 0F 00 00 08 09 00
00 0A 0E 00 00 08 0B 00
00 06 10 04 00 0B 09 00
00 01 0F 07 08 10 05 00
00 00 03 0E 10 0A 01 00

00 00 07 0F 0E 08 00 00
00 01 0F 07 05 0E 05 00
00 00 0F 08 00 0A 07 00
00 03 10 06 00 0C 08 00
00 05 10 02 00 0C 08 00
00 04 10 03 01 10 04 00
00 05 10 0A 0E 0C 00 00
00 00 08 0F 0F 02 00 00

00 00 04 0D 0F 06 00 00
00 00 0F 0B 02 0E 02 00
00 03 0E 01 00 0C 04 00
00 05 0C 00 00 09 05 00
00 05 05 00 00 0C 02 00
00 04 09 00 02 0D 02 00
00 00 0D 02 0E 07 00 00
00 00 05 10 07 00 00 00

00 00 08 0F 10 0B 00 00
00 02 10 0A 04 0E 04 00
00 06 10 02 00 08 08 00
00 0A 0C 00 00 0B 06 00
00 09 0B 00 00 0F 06 00
00 08 0C 00 07 0F 01 00
00 02 0F 07 0F 09 00 00
00 00 0A 10 0C 01 00 00

00 00 02 10 0C 01 00 00
00 00 0B 0F 0D 0B 00 00
00 02 10 09 00 0E 02 00
00 04 10 0C 00 0B 05 00
00 04 10 06 00 0C 07 00
00 00 0F 01 01 0F 09 00
00 00 0A 09 0A 0F 02 00
00 00 02 0D 10 08 00 00

00 00 07 10 0F 01 00 00
00 05 10 0D 10 08 00 00
00 09 0B 00 04 10 04 00
00 0C 08 00 00 0B 0B 00
00 0B 08 00 00 08 0C 00
00 08 0D 00 00 0C 0A 00
00 02 10 09 0C 0F 03 00
00 00 08 10 0D 05 00 00

00 02 00 08 09 00 00 00
00 0D 05 0E 08 07 00 00
00 0C 05 02 00 09 00 00
00 07 05 00 00 03 05 00
00 03 0A 00 00 02 0A 00
00 01 0D 00 00 01 0C 00
00 00 05 0D 05 09 0D 00
00 00 00 09 10 10 07 00

00 00 06 0E 0A 02 00 00
00 00 0F 0F 0D 0F 03 00
00 02 10 0A 00 0D 09 00
00 01 10 05 00 0C 05 00
00 00 10 03 00 0D 06 00
00 01 0F 05 06 0D 01 00
00 00 10 0B 0E 0A 00 00
00 00 07 10 0B 01 00 00

00 00 01 0D 0F 08 00 00
00 00 0B 0E 08 0F 00 00
00 02 10 03 00 0D 02 00
00 05 0F 00 00 0A 05 00
00 03 0A 00 00 0A 05 00
00 03 0D 00 01 0F 03 00
00 00 0C 0A 0B 0B 00 00
00 00 01 0C 0B 04 00 00

00 00 03 0D 0B 07 00 00
00 00 0B 10 10 10 02 00
00 04 10 09 01 0E 02 00
00 04 10 00 00 10 02 00
00 00 10 01 00 0C 08 00
00 00 0F 09 00 0D 06 00
00 00 09 0E 09 0E 01 00
00 00 02 0C 0D 04 00 00

00 00 05 0C 09 01 00 00
00 00 0E 0E 0D 0D 00 00
00 03 0C 01 01 0D 04 00
00 07 08 00 00 06 08 00
00 08 08 00 00 05 08 00
00 05 0A 00 00 0B 04 00
00 01 0F 09 0B 0D 00 00
00 00 07 0F 0C 02 00 00

00 00 03 0E 09 03 00 00
00 00 0B 0D 08 0E 02 00
00 02 10 03 00 09 04 00
00 05 0C 00 00 04 08 00
00 08 08 00 00 07 08 00
00 05 0B 00 02 0F 03 00
00 00 0E 05 0D 07 00 00
00 00 05 0E 05 00 00 00

00 00 04 10 0C 01 00 00
00 02 10 10 0B 08 00 00
00 03 10 0D 01 0E 02 00
00 04 10 00 00 0D 04 00
00 04 0F 00 00 0D 08 00
00 01 10 01 00 0E 05 00
00 00 0A 08 07 0F 01 00
00 00 02 0D 10 08 00 00

00 00 07 0C 01 00 00 00
00 00 0F 10 0F 04 00 00
00 02 10 09 0A 0B 00 00
00 06 0C 00 00 0C 03 00
00 08 0C 00 00 06 08 00
00 06 0D 00 00 09 08 00
00 01 10 0D 0F 10 03 00
00 00 06 0F 09 03 00 00

00 00 05 10 0F 01 00 00
00 01 0F 09 0A 0C 00 00
00 03 10 01 00 10 04 00
00 06 10 00 00 0B 06 00
00 03 10 01 00 0B 08 00
00 04 10 04 03 0F 04 00
00 01 0D 0D 0D 0E 01 00
00 00 04 0D 0E 01 00 00

00 00 05 0F 09 00 00 00
00 00 0F 06 0B 06 00 00
00 07 09 00 00 0E 00 00
00 05 09 00 00 08 06 00
00 04 0D 00 00 04 08 00
00 01 10 00 00 04 0B 00
00 00 0F 07 05 10 04 00
00 00 02 0F 0F 05 00 00

00 00 03 0F 09 00 00 00
00 00 0E 08 0B 05 00 00
00 03 10 03 01 0E 02 00
00 05 0C 00 00 0C 04 00
00 02 0C 00 00 06 08 00
00 02 0E 00 00 0C 05 00
00 00 0C 08 05 0F 00 00
00 00 01 0D 0E 05 00 00

00 00 04 0E 09 00 00 00
00 00 0D 10 10 0A 00 00
00 04 10 04 05 10 06 00
00 08 0E 00 01 0F 05 00
00 06 10 00 00 0D 04 00
00 04 0F 01 07 10 01 00
00 02 0F 0E 10 07 00 00
00 00 04 0D 09 00 00 00

00 00 02 0F 0A 01 00 00
00 02 0D 0C 0E 09 00 00
00 06 10 01 01 0E 02 00
00 08 10 00 00 0A 05 00
00 08 0E 02 00 08 08 00
00 06 0E 00 00 08 08 00
00 01 0E 0C 08 0F 06 00
00 00 03 0D 10 08 01 00

00 00 02 0B 0A 01 00 00
00 00 0A 0D 0E 0D 00 00
00 00 0D 00 00 0E 05 00
00 03 09 00 00 09 06 00
00 05 09 00 00 05 08 00
00 06 0C 00 00 08 04 00
00 00 0E 0B 05 0E 01 00
00 00 03 0D 0E 05 00 00

00 00 00 0A 09 00 00 00
00 00 03 0F 0D 05 00 00
00 00 0D 0D 01 0D 00 00
00 00 10 07 00 10 00 00
00 00 10 0B 03 0F 00 00
00 00 0E 07 10 0C 00 00
00 00 09 0D 0F 06 00 00
00 00 00 0D 0A 00 00 00

00 00 03 0C 08 03 00 00
00 00 07 10 0D 0D 01 00
00 00 0D 08 00 09 04 00
00 00 10 02 00 06 06 00
00 04 0C 00 00 0A 03 00
00 03 0C 00 00 0D 02 00
00 00 0C 04 0C 0A 00 00
00 00 05 10 0D 02 00 00

00 00 06 10 0D 0B 01 00
00 00 10 0F 0C 10 01 00
00 03 10 07 00 0D 06 00
00 04 10 00 00 0A 08 00
00 08 10 00 00 0E 06 00
00 05 10 07 09 10 05 00
00 01 0F 10 10 10 01 00
00 00 06 10 0E 06 00 00

00 00 03 0C 0C 02 00 00
00 00 0B 0A 07 0E 02 00
00 00 0B 01 00 08 04 00
00 02 0E 02 00 05 07 00
00 08 09 00 00 06 08 00
00 03 0D 00 00 0C 07 00
00 00 0F 06 0B 0C 00 00
00 00 04 0F 0B 01 00 00

00 00 02 0E 0F 05 00 00
00 00 0A 10 10 0F 01 00
00 03 10 0A 0A 10 04 00
00 05 10 00 00 0E 06 00
00 05 10 06 00 0C 07 00
00 01 0F 0D 04 0D 06 00
00 00 0B 10 10 0F 00 00
00 00 02 0B 0D 04 00 00

00 00 02 0C 0F 03 00 00
00 00 0F 0F 0D 0F 00 00
00 02 0E 03 01 0C 03 00
00 04 08 00 00 08 08 00
00 07 0A 00 00 09 05 00
00 01 0D 05 03 0F 02 00
00 00 07 10 0E 0F 00 00
00 00 00 0A 0E 04 00 00

00 00 02 0F 0D 03 00 00
00 00 0A 0F 0B 0F 00 00
00 03 10 06 00 0A 00 00
00 04 10 08 00 03 08 00
00 08 0E 03 00 04 08 00
00 03 0F 01 00 03 07 00
00 00 0E 0B 06 0E 05 00
00 00 04 0C 0F 06 00 00

00 00 09 0D 0B 01 00 00
00 00 06 04 09 0E 01 00
00 00 01 05 00 0B 04 00
00 00 0D 0E 00 07 05 00
00 03 0E 01 00 0A 04 00
00 03 0E 00 02 0F 01 00
00 02 0D 08 0C 0B 00 00
00 00 08 0E 0A 01 00 00

00 00 09 0D 08 00 00 00
00 00 0D 10 10 0C 00 00
00 02 10 07 06 0F 03 00
00 08 0E 00 00 08 03 00
00 05 0E 00 00 08 08 00
00 02 10 0D 0B 0E 04 00
00 03 10 0F 10 06 00 00
00 00 06 0E 08 00 00 00

00 00 05 10 0C 02 00 00
00 00 0D 0E 0F 0B 00 00
00 06 0F 01 02 10 04 00
00 06 0E 00 00 09 08 00
00 08 0A 00 00 0D 08 00
00 04 0D 00 01 0E 08 00
00 00 0E 0E 0F 0F 03 00
00 00 05 0C 0D 08 00 00

00 00 02 0E 0E 06 00 00
00 00 0A 0F 0B 0F 02 00
00 03 10 03 00 0C 06 00
00 03 09 00 00 09 0A 00
00 0A 0B 00 00 08 0C 00
00 07 10 01 00 0B 0D 00
00 00 0F 0E 0C 0F 0A 00
00 00 03 0E 10 0D 05 00

00 00 05 0E 0A 07 00 00
00 00 10 10 10 10 03 00
00 03 10 0A 02 10 07 00
00 07 10 03 00 0C 08 00
00 08 10 01 00 0C 08 00
00 07 10 05 02 10 04 00
00 02 10 0F 0E 0D 00 00
00 00 07 0F 0D 02 00 00

00 00 05 0C 00 00 00 00
00 00 0E 0A 0E 0C 00 00
00 02 10 10 08 0B 02 00
00 03 10 0B 00 09 03 00
00 05 0C 02 00 0C 04 00
00 01 0C 00 00 0D 03 00
00 00 0D 06 08 0D 00 00
00 00 03 0E 0C 03 00 00

00 00 02 09 0E 0C 00 00
00 00 0C 10 0A 0F 01 00
00 04 0E 03 02 06 06 00
00 05 07 00 00 03 08 00
00 04 07 00 00 01 08 00
00 03 0C 01 00 05 08 00
00 00 0A 0C 07 0E 03 00
00 00 01 0C 10 08 00 00

00 02 08 0F 10 0A 00 00
00 0B 10 0A 04 0F 01 00
00 0C 0D 00 00 0D 05 00
00 0B 0D 00 00 0F 07 00
00 08 10 00 00 0F 06 00
00 06 10 01 05 10 02 00
00 02 10 06 0F 0C 00 00
00 00 07 10 0E 01 00 00

00 00 02 0E 0D 01 00 00
00 00 0E 10 0D 0B 00 00
00 04 10 0B 01 0D 03 00
00 05 10 03 00 0A 09 00
00 06 0D 00 00 09 0B 00
00 02 0F 00 01 0F 08 00
00 00 0B 0C 0F 0F 01 00
00 00 02 0D 10 05 00 00

00 00 02 0C 0F 0C 01 00
00 01 0E 0E 0E 0B 08 00
00 05 10 03 00 02 08 00
00 08 0E 00 00 06 08 00
00 04 0C 00 00 09 04 00
00 01 10 01 01 0E 01 00
00 00 0B 09 0B 08 00 00
00 00 02 0D 0E 01 00 00

00 00 04 0F 08 00 00 00
00 00 0F 0E 0F 05 00 00
00 08 10 05 03 0E 00 00
00 05 0B 00 00 0A 05 00
00 05 09 00 00 08 08 00
00 00 0E 00 00 0A 08 00
00 00 0E 0D 0D 10 01 00
00 00 02 0E 0E 07 00 00

00 00 05 0F 0C 08 00 00
00 00 0D 10 0A 0D 03 00
00 05 10 09 00 08 04 00
00 04 0D 01 00 04 08 00
00 04 08 00 00 08 04 00
00 01 0E 00 00 0B 03 00
00 00 0C 09 09 0F 00 00
00 00 04 0E 0F 04 00 00

00 00 02 0A 0F 07 00 00
00 00 0E 0F 07 0F 02 00
00 04 10 03 00 0B 04 00
00 04 0E 00 00 07 08 00
00 07 0C 00 00 06 07 00
00 04 10 01 00 0C 04 00
00 01 0E 0C 0A 10 01 00
00 00 01 0E 0D 05 00 00

00 00 09 10 0F 0E 01 00
00 01 0F 0F 05 0A 07 00
00 06 10 01 00 01 08 00
00 08 0D 00 00 04 08 00
00 07 06 00 00 06 06 00
00 05 09 00 00 0D 01 00
00 00 10 05 0C 0C 00 00
00 00 08 0F 0A 01 00 00

00 00 07 05 0E 0D 00 00
00 00 10 0F 06 09 02 00
00 04 10 07 00 04 04 00
00 06 0C 01 00 05 07 00
00 08 07 00 00 0C 03 00
00 04 08 00 04 0C 00 00
00 02 0C 05 0F 04 00 00
00 00 06 0F 06 00 00 00

00 00 02 0C 07 00 00 00
00 00 0F 0E 0F 06 00 00
00 06 0A 04 02 0E 01 00
00 08 08 00 00 08 05 00
00 07 08 00 00 04 08 00
00 02 0E 00 00 05 06 00
00 00 09 0C 04 0E 03 00
00 00 01 0D 0F 09 00 00

