00 00 00 06 0C 00 00 00
00 00 05 10 07 00 00 00
00 00 0C 09 00 00 00 00
00 01 10 05 00 00 00 00
00 01 10 0A 0C 09 02 00
00 00 0D 08 02 05 0D 00
00 00 06 0B 01 02 10 03
00 00 00 08 0B 0E 0B 02

00 00 00 0B 08 00 00 00
00 00 05 10 07 00 00 00
00 00 0A 0E 00 00 00 00
00 00 0C 09 01 03 00 00
00 00 0E 0E 0F 10 07 00
00 00 0A 10 0F 0C 0C 00
00 00 06 10 0D 0E 0C 00
00 00 00 09 0F 0F 03 00

00 00 00 0E 0E 01 00 00
00 00 06 10 0C 00 00 00
00 00 0C 10 02 00 00 00
00 00 10 10 10 09 00 00
00 01 10 0F 08 0E 09 00
00 00 0E 0C 00 0C 0D 00
00 00 06 0E 07 10 0A 00
00 00 01 0D 10 0D 01 00

00 00 00 0C 05 00 00 00
00 00 02 0F 07 00 00 00
00 00 07 10 08 00 00 00
00 00 0F 0F 08 04 00 00
00 00 0F 10 10 0F 03 00
00 01 10 0D 04 0B 0B 00
00 00 0B 0E 09 0F 0B 00
00 00 01 0E 10 0F 06 00

00 00 00 06 0E 01 00 00
00 00 01 10 0A 00 00 00
00 00 0D 0E 01 00 00 00
00 02 10 0C 0A 03 00 00
00 05 10 0F 0E 10 01 00
00 03 10 0C 00 0F 08 00
00 00 0B 10 09 10 08 00
00 00 00 0B 0F 0B 01 00

00 00 01 0E 06 00 00 00
00 00 07 0F 01 00 00 00
00 00 0D 07 00 00 00 00
00 00 0D 05 00 00 00 00
00 00 0E 07 05 04 01 00
00 00 0A 10 0D 0E 0E 00
00 00 09 0E 01 04 10 03
00 00 01 0C 0D 10 09 01

00 00 01 0D 09 00 00 00
00 00 08 10 04 00 00 00
00 00 10 0B 00 00 00 00
00 02 10 0A 02 00 00 00
00 07 10 10 10 0A 01 00
00 04 10 06 02 0E 07 00
00 00 0B 0F 0C 0F 08 00
00 00 02 0E 0F 06 00 00

00 00 00 07 0C 00 00 00
00 00 04 10 08 00 00 00
00 00 0C 0B 00 00 00 00
00 00 0F 0A 08 06 01 00
00 00 0F 10 08 0A 08 00
00 00 0E 07 00 00 0C 00
00 00 08 0B 00 05 10 02
00 00 00 09 0E 0E 05 00

00 00 02 0E 01 00 00 00
00 00 08 0C 00 00 00 00
00 00 0C 05 00 00 00 00
00 02 0E 00 00 00 00 00
00 00 0A 00 06 07 02 00
00 04 0C 0D 0F 0E 0C 00
00 00 0D 0C 02 0B 0E 00
00 00 03 0D 10 0D 01 00

00 00 00 0E 0F 01 00 00
00 00 06 10 0B 00 00 00
00 00 0D 0F 02 00 00 00
00 00 10 0C 00 00 00 00
00 03 10 10 10 0A 01 00
00 02 10 0C 04 0B 0C 00
00 00 0A 0E 06 0E 0F 00
00 00 01 0D 10 10 0A 00

00 00 00 0D 01 00 00 00
00 00 0A 0C 01 00 00 00
00 00 0E 03 00 00 00 00
00 04 0E 00 04 05 00 00
00 07 10 04 07 0E 07 00
00 03 0E 00 00 04 0C 00
00 00 0A 0A 04 0A 0C 00
00 00 01 09 10 0E 02 00

00 00 00 05 0B 00 00 00
00 00 01 0E 09 00 00 00
00 00 04 0E 01 00 00 00
00 00 0A 08 00 00 00 00
00 00 0D 08 04 06 02 00
00 00 0B 10 0D 0C 0D 00
00 00 0C 0E 04 05 10 02
00 00 01 08 10 0D 09 01

00 00 03 10 0E 01 00 00
00 00 0B 10 06 00 00 00
00 00 0F 09 01 00 00 00
00 03 10 0E 10 0C 02 00
00 04 10 0E 0D 0B 0E 00
00 00 10 05 03 07 10 03
00 00 0B 0C 08 10 0A 00
00 00 02 0E 10 0C 00 00

00 00 00 06 09 00 00 00
00 00 02 0F 08 00 00 00
00 00 04 10 05 00 00 00
00 00 09 0C 07 0C 02 00
00 00 09 10 0F 0D 06 00
00 00 0D 0E 02 0D 06 00
00 00 0E 0F 0D 10 04 00
00 00 01 0A 10 0A 00 00

00 00 01 0B 0A 00 00 00
00 00 0D 0A 00 00 00 00
00 03 0D 00 00 00 00 00
00 05 0B 00 00 00 00 00
00 05 0E 0C 0C 07 00 00
00 00 10 0C 05 0B 0A 00
00 00 0A 0B 04 0A 0C 00
00 00 01 0C 10 0C 03 00

00 00 01 0C 02 00 00 00
00 00 06 0D 00 00 00 00
00 00 0B 08 00 00 00 00
00 01 0F 01 00 00 00 00
00 02 0F 02 0E 0D 04 00
00 02 0F 10 0A 05 0E 00
00 00 09 0D 04 09 0E 00
00 00 00 0A 0D 0C 03 00

00 00 06 0F 04 00 00 00
00 01 0E 07 00 00 00 00
00 04 0F 01 00 00 00 00
00 05 0B 00 02 01 00 00
00 04 0D 0C 10 0D 03 00
00 01 10 02 01 08 0A 00
00 00 0C 04 00 0B 0C 00
00 00 04 0D 0C 0E 02 00

00 00 02 0E 05 00 00 00
00 00 09 0C 00 00 00 00
00 01 0F 01 00 00 00 00
00 03 0F 00 00 00 00 00
00 06 10 10 10 0D 01 00
00 02 10 08 04 07 0B 00
00 00 0C 0B 01 08 0B 00
00 00 03 0C 10 0F 04 00

00 00 00 09 0E 02 00 00
00 00 02 10 0C 00 00 00
00 00 0A 10 07 00 00 00
00 00 10 10 10 08 00 00
00 04 10 0E 08 0F 03 00
00 01 0F 06 00 0B 0B 00
00 00 0A 0F 07 0C 10 00
00 00 01 09 0F 0F 0A 00

00 00 03 0E 01 00 00 00
00 00 0C 0C 00 00 00 00
00 03 10 06 00 00 00 00
00 05 10 02 00 00 00 00
00 06 10 02 05 02 00 00
00 04 10 02 0C 0F 02 00
00 01 0E 0D 02 0D 0B 00
00 00 03 0B 10 0D 04 00

00 00 00 0A 08 00 00 00
00 00 06 0E 03 00 00 00
00 00 0B 08 00 00 00 00
00 03 10 08 02 00 00 00
00 06 10 10 10 0F 03 00
00 00 10 02 00 08 0C 00
00 00 0B 0C 05 0B 0C 00
00 00 01 08 10 0F 02 00

00 00 03 0B 00 00 00 00
00 00 09 0D 00 00 00 00
00 00 0F 04 00 00 00 00
00 02 0F 00 01 00 00 00
00 04 0F 0E 10 0D 02 00
00 03 10 0B 03 07 0C 00
00 00 0D 06 03 08 0E 00
00 00 04 0E 10 0E 07 00

00 00 00 0E 0D 01 00 00
00 00 04 10 0B 00 00 00
00 00 0C 10 01 00 00 00
00 01 0F 10 0E 01 00 00
00 04 10 0C 08 0C 07 00
00 02 0F 08 00 08 10 02
00 00 0A 0E 09 0F 0F 01
00 00 01 0E 10 0E 02 00

00 00 00 09 0A 00 00 00
00 00 07 10 07 00 00 00
00 00 0D 0D 01 00 00 00
00 00 0F 07 00 00 00 00
00 04 10 0F 0C 07 00 00
00 02 10 0C 04 0B 0A 00
00 00 08 0E 05 09 0E 00
00 00 00 06 0C 0E 09 00

00 00 01 0E 0F 04 00 00
00 00 09 10 0A 05 00 00
00 01 10 0A 00 00 00 00
00 03 10 0C 05 00 00 00
00 04 10 10 10 08 00 00
00 01 0F 07 04 10 04 00
00 00 0B 0D 04 10 09 00
00 00 01 0C 10 10 09 00

00 00 00 0B 10 0A 00 00
00 00 09 10 0A 07 00 00
00 03 10 08 00 00 00 00
00 09 10 0D 04 00 00 00
00 0A 10 08 10 07 00 00
00 04 10 03 07 10 02 00
00 00 0D 0D 08 10 05 00
00 00 01 0B 10 10 01 00

00 00 01 0D 0E 03 00 00
00 00 08 10 0D 02 00 00
00 02 10 10 03 00 00 00
00 03 10 0C 01 00 00 00
00 05 10 0E 05 00 00 00
00 03 10 10 10 10 06 00
00 01 0E 10 10 10 0C 00
00 00 03 0C 0F 0E 07 00

00 00 00 06 0B 00 00 00
00 00 00 0F 0A 00 00 00
00 00 07 0F 02 00 00 00
00 00 10 06 00 00 00 00
00 03 10 07 05 05 00 00
00 02 10 0D 09 0D 0B 00
00 00 08 0D 07 05 0F 03
00 00 00 05 0B 0D 0C 02

00 00 02 0D 10 08 00 00
00 00 0B 10 06 02 00 00
00 02 10 08 00 00 00 00
00 05 10 09 01 00 00 00
00 05 10 10 0D 02 00 00
00 01 10 06 08 0E 00 00
00 00 0B 0A 01 10 05 00
00 00 03 0F 10 10 03 00

00 00 00 0B 0E 00 00 00
00 00 0A 10 04 00 00 00
00 01 0F 0B 00 00 00 00
00 03 10 0C 08 02 00 00
00 07 10 10 0C 0E 03 00
00 04 10 08 00 0A 09 00
00 01 0C 0F 09 0E 0A 00
00 00 02 0A 0D 0B 01 00

00 00 00 08 07 00 00 00
00 00 04 10 0B 00 00 00
00 00 09 10 01 00 00 00
00 00 0B 0E 0B 0D 02 00
00 00 0D 10 0E 0E 0A 00
00 00 0A 0F 01 05 0D 00
00 00 06 10 08 0E 0C 00
00 00 00 05 0E 10 04 00

00 00 00 07 0F 00 00 00
00 00 06 0F 08 00 00 00
00 00 0D 09 00 00 00 00
00 02 10 05 04 01 00 00
00 05 10 10 10 0C 03 00
00 01 0F 04 01 08 0C 00
00 00 08 0E 05 05 0F 00
00 00 00 06 10 10 0B 00

00 00 03 0F 01 00 00 00
00 00 0C 08 00 00 00 00
00 03 0D 00 00 00 00 00
00 04 0C 00 00 00 00 00
00 05 0A 0B 10 0E 01 00
00 02 10 0A 04 07 0A 00
00 00 0F 08 02 0C 08 00
00 00 03 0C 10 08 00 00

00 00 03 0E 03 00 00 00
00 00 0D 0D 00 00 00 00
00 00 10 07 00 00 00 00
00 05 10 03 00 00 00 00
00 03 10 07 04 02 00 00
00 04 10 10 10 10 07 00
00 01 0E 0F 04 0B 0F 00
00 00 05 0E 10 0C 06 00

00 00 02 0B 0D 04 00 00
00 00 0C 10 0D 0F 00 00
00 00 10 09 01 03 00 00
00 04 10 06 0E 09 01 00
00 07 10 10 10 10 06 00
00 01 10 0E 04 10 08 00
00 00 0C 10 0D 10 02 00
00 00 02 0A 10 07 00 00

00 00 00 0D 09 00 00 00
00 00 08 0F 05 00 00 00
00 00 0E 08 00 00 00 00
00 02 10 03 00 02 00 00
00 00 10 0D 10 10 06 00
00 01 10 0B 04 07 0C 00
00 00 0B 0C 05 0D 09 00
00 00 01 0C 0F 0B 02 00

00 00 00 0A 10 06 00 00
00 00 0B 0E 05 00 00 00
00 03 10 02 00 00 00 00
00 08 0A 00 00 00 00 00
00 06 10 0E 0B 03 00 00
00 02 0E 00 07 0D 00 00
00 00 0A 09 01 0F 02 00
00 00 00 08 10 0F 01 00

00 00 00 09 0F 01 00 00
00 00 0A 0D 04 00 00 00
00 02 0F 01 00 00 00 00
00 05 0B 04 04 00 00 00
00 04 10 10 10 10 04 00
00 00 10 02 00 0A 08 00
00 00 08 0C 04 0D 07 00
00 00 01 09 10 0B 01 00

00 00 02 0D 0A 00 00 00
00 00 0A 0D 00 00 00 00
00 00 10 06 00 00 00 00
00 03 10 08 02 00 00 00
00 07 10 10 10 0B 00 00
00 04 10 02 04 0B 09 00
00 01 0D 0B 08 0C 0C 00
00 00 01 0C 10 0E 04 00

00 00 01 0A 0A 00 00 00
00 01 0D 0A 01 00 00 00
00 04 0E 00 00 00 00 00
00 06 0C 00 00 00 00 00
00 08 0B 05 0A 0B 01 00
00 05 10 0D 06 0A 08 00
00 00 0A 09 00 07 0B 00
00 00 01 0C 10 0E 02 00

00 00 02 0C 01 00 00 00
00 00 06 0D 00 00 00 00
00 00 0D 04 00 00 00 00
00 00 10 01 00 00 00 00
00 05 10 10 10 0A 01 00
00 02 0F 06 01 0A 08 00
00 00 0A 0A 00 09 09 00
00 00 02 0C 10 0F 01 00

00 00 02 0C 09 00 00 00
00 00 0C 0A 01 00 00 00
00 04 0E 00 00 00 00 00
00 08 09 00 00 00 00 00
00 08 09 05 0B 08 00 00
00 04 10 0E 06 0C 05 00
00 00 0D 07 00 0A 08 00
00 00 03 0E 10 10 05 00

00 00 00 05 0C 0C 00 00
00 00 05 10 06 01 00 00
00 00 0F 05 00 00 00 00
00 05 0D 02 07 04 00 00
00 07 0F 10 0D 0F 03 00
00 03 10 09 00 01 0C 00
00 00 0A 0C 02 06 0D 00
00 00 00 08 0F 10 05 00

00 00 04 0F 01 00 00 00
00 00 09 0A 00 00 00 00
00 01 0F 02 00 00 00 00
00 04 0C 00 00 00 00 00
00 08 0E 09 08 06 01 00
00 07 0E 07 05 0C 08 00
00 02 10 04 01 0C 06 00
00 00 05 0E 10 0B 00 00

00 00 01 09 0F 02 00 00
00 00 05 10 07 01 00 00
00 00 0E 08 00 00 00 00
00 00 0F 06 08 04 00 00
00 00 0F 10 0D 0E 07 00
00 00 0E 03 00 03 0C 00
00 00 06 09 07 09 0F 00
00 00 00 0A 0E 0E 02 00

00 00 00 09 10 06 00 00
00 00 08 10 0C 05 00 00
00 02 10 09 00 00 00 00
00 06 10 06 02 00 00 00
00 08 10 10 10 07 00 00
00 02 10 07 07 10 04 00
00 00 09 0D 03 0E 09 00
00 00 00 08 10 10 07 00

00 00 00 0C 0D 00 00 00
00 00 05 10 08 00 00 00
00 00 0D 10 03 00 00 00
00 00 0E 0D 00 00 00 00
00 00 0F 0C 07 02 00 00
00 00 0D 10 0D 10 03 00
00 00 07 10 0B 0F 08 00
00 00 01 09 0F 0B 03 00

00 00 01 0E 06 00 00 00
00 00 07 10 01 00 00 00
00 00 0D 0A 00 00 00 00
00 00 0E 07 00 00 00 00
00 03 10 0A 08 03 00 00
00 00 10 0D 0C 0E 07 00
00 00 0E 09 04 0B 0D 00
00 00 02 0C 10 0C 04 00

00 00 03 0C 10 06 00 00
00 00 0D 10 0C 04 00 00
00 03 10 09 00 00 00 00
00 06 0D 05 04 00 00 00
00 08 0E 03 10 02 00 00
00 04 10 04 0D 07 00 00
00 00 0B 0B 0B 0E 00 00
00 00 03 0C 10 0F 00 00

00 00 00 0D 0F 02 00 00
00 00 04 10 0B 01 00 00
00 00 0D 0F 01 00 00 00
00 00 0F 09 00 00 00 00
00 04 10 0E 0F 08 00 00
00 01 10 0F 08 0D 09 00
00 00 0B 0A 00 0B 10 00
00 00 02 0E 10 10 0D 00

00 00 01 0A 00 00 00 00
00 00 04 0F 00 00 00 00
00 00 0A 0B 00 00 00 00
00 00 0D 09 03 02 00 00
00 00 0D 10 10 0F 04 00
00 00 0D 0D 06 04 0C 00
00 00 09 0B 05 09 0F 02
00 00 02 0C 10 0C 06 00

00 00 01 0B 0E 06 00 00
00 00 04 10 0E 04 00 00
00 00 0C 10 02 00 00 00
00 02 10 10 0C 05 00 00
00 07 10 10 10 10 03 00
00 03 0F 05 00 0F 0D 00
00 00 0B 10 0E 10 0A 00
00 00 00 0C 0D 09 01 00

00 00 02 0D 10 08 00 00
00 01 0D 10 0A 07 00 00
00 05 10 09 00 00 00 00
00 07 10 07 00 00 00 00
00 09 10 10 0D 01 00 00
00 05 10 06 0E 09 00 00
00 00 0D 0C 0E 0F 00 00
00 00 03 0C 10 0B 00 00

00 00 00 06 0C 00 00 00
00 00 00 0D 0D 00 00 00
00 00 07 10 02 00 00 00
00 00 0A 0C 00 02 00 00
00 00 0D 0E 10 0E 00 00
00 00 0B 10 0E 0D 06 00
00 00 05 0D 09 10 05 00
00 00 00 06 0F 0C 01 00

00 00 00 04 0F 01 00 00
00 00 00 0D 08 01 00 00
00 00 06 0C 00 00 00 00
00 00 08 0A 00 00 00 00
00 00 0D 0C 0B 0A 00 00
00 04 10 0F 08 0B 0A 00
00 01 07 0F 04 03 0C 00
00 00 00 07 0F 10 08 00

00 00 03 0F 04 00 00 00
00 00 0C 10 02 00 00 00
00 01 10 07 01 00 00 00
00 03 10 01 06 01 00 00
00 03 0F 08 0C 0D 03 00
00 02 10 02 00 07 0C 00
00 00 0D 09 04 09 0F 00
00 00 03 0D 10 0F 05 00

00 00 00 0B 10 06 00 00
00 00 0A 10 0A 00 00 00
00 00 10 03 00 00 00 00
00 05 0E 00 03 00 00 00
00 02 10 10 0D 0C 01 00
00 02 0F 03 00 08 07 00
00 00 08 08 00 0A 07 00
00 00 01 0B 0C 0F 04 00

00 00 00 0B 0C 01 00 00
00 00 08 10 09 04 00 00
00 00 03 04 00 00 00 00
00 01 00 02 08 02 00 00
00 05 10 10 10 0E 02 00
00 02 10 09 03 0D 07 00
00 00 0B 0E 07 10 09 00
00 00 01 0A 0E 0A 02 00

00 00 01 0D 02 00 00 00
00 00 08 0F 01 00 00 00
00 00 0E 07 00 00 00 00
00 00 0E 06 00 00 00 00
00 00 10 05 09 09 03 00
00 00 0C 10 0D 09 0E 01
00 00 08 0F 00 01 0E 05
00 00 01 0B 10 10 0D 01

00 00 00 01 0D 01 00 00
00 00 01 0E 0F 00 00 00
00 00 03 10 06 00 00 00
00 00 06 0C 00 00 00 00
00 00 09 0E 0A 03 00 00
00 00 08 10 10 10 01 00
00 00 08 10 0F 10 05 00
00 00 00 02 0B 0B 01 00

00 00 03 0B 00 00 00 00
00 00 0C 0B 00 00 00 00
00 01 0E 01 00 00 00 00
00 02 0F 00 00 00 00 00
00 04 0F 0F 10 0F 02 00
00 01 10 08 04 08 0B 00
00 01 10 0B 07 0A 0C 00
00 00 05 0A 0C 0F 07 00

00 00 05 0E 00 00 00 00
00 00 0C 09 00 00 00 00
00 00 0F 03 00 00 00 00
00 01 10 00 00 00 00 00
00 01 10 02 07 04 00 00
00 03 10 10 10 10 09 00
00 00 0F 0F 04 0A 10 00
00 00 04 0E 10 0C 07 00

00 00 00 0E 04 00 00 00
00 00 06 0D 01 00 00 00
00 00 0F 04 00 00 00 00
00 04 10 07 04 02 00 00
00 08 10 0B 09 0F 05 00
00 05 0E 01 00 0A 09 00
00 00 0B 0C 05 0D 05 00
00 00 01 0D 10 09 00 00

00 00 02 0E 0B 00 00 00
00 00 0A 10 01 00 00 00
00 01 10 09 00 00 00 00
00 04 10 05 00 00 00 00
00 05 10 0C 0C 0B 01 00
00 04 10 0E 0A 0E 0B 00
00 02 0F 0A 06 10 0A 00
00 00 03 0F 10 0A 01 00

00 00 00 0B 07 00 00 00
00 00 08 0F 07 00 00 00
00 00 0D 08 00 00 00 00
00 00 10 0E 08 01 00 00
00 05 10 0A 0A 0E 01 00
00 02 0F 03 00 0C 07 00
00 00 0A 0D 01 0A 0B 00
00 00 00 0A 10 0F 05 00

00 00 07 0F 00 00 00 00
00 00 0F 0F 00 00 00 00
00 03 10 0C 04 01 00 00
00 06 10 10 10 10 05 00
00 08 10 07 01 0F 08 00
00 07 10 00 00 10 04 00
00 02 10 07 0A 0C 00 00
00 00 04 0F 0D 03 00 00

00 00 00 10 07 00 00 00
00 00 06 10 04 00 00 00
00 00 0B 0F 00 00 00 00
00 00 0C 0C 00 00 00 00
00 00 0F 10 10 08 00 00
00 00 0C 10 0D 0F 08 00
00 00 0C 10 07 0D 0F 00
00 00 01 0B 10 0F 09 00

00 00 00 0C 04 00 00 00
00 00 06 0E 01 00 00 00
00 00 0E 02 00 00 00 00
00 02 0E 01 04 02 00 00
00 04 10 0F 0C 0F 05 00
00 03 10 06 00 05 0B 00
00 00 09 0B 04 0D 05 00
00 00 01 0B 10 09 00 00

00 00 04 0E 06 00 00 00
00 00 0A 0F 02 00 00 00
00 00 10 0B 00 00 00 00
00 00 0D 0B 00 00 00 00
00 03 10 0C 08 03 00 00
00 02 10 0E 08 0C 09 00
00 00 10 0D 04 0C 0C 00
00 00 06 0F 10 0C 01 00

00 00 00 07 0B 00 00 00
00 00 01 10 0A 00 00 00
00 00 07 0B 00 00 00 00
00 00 0B 08 01 01 00 00
00 00 0C 10 10 0F 05 00
00 00 0E 0B 00 01 0F 00
00 00 06 0B 01 03 0E 02
00 00 00 08 10 10 07 00

00 00 01 0B 0F 00 00 00
00 00 0B 0F 05 00 00 00
00 03 0F 01 00 00 00 00
00 05 0C 00 00 00 00 00
00 08 0F 0F 10 0E 03 00
00 02 10 0B 02 07 0C 00
00 00 0E 0B 04 09 0D 00
00 00 02 0B 10 0F 06 00

00 00 01 0B 0E 00 00 00
00 00 09 10 0C 00 00 00
00 01 10 07 00 00 00 00
00 07 10 05 05 04 00 00
00 07 10 10 10 10 05 00
00 00 10 0D 04 0D 07 00
00 00 09 10 0E 10 04 00
00 00 01 0B 0E 09 00 00

00 00 01 0D 04 00 00 00
00 00 0C 0D 01 00 00 00
00 01 10 02 00 00 00 00
00 05 10 08 04 02 00 00
00 05 10 0E 10 0F 03 00
00 03 0D 01 00 09 09 00
00 00 0B 0C 04 0B 0B 00
00 00 02 0D 10 0D 01 00

00 00 00 0B 10 02 00 00
00 00 07 10 08 02 00 00
00 00 0F 07 00 00 00 00
00 00 10 04 03 01 00 00
00 01 10 10 10 10 04 00
00 00 0E 0C 04 06 0C 00
00 00 0A 10 05 0A 0F 00
00 00 02 0B 10 0C 08 00

00 00 03 0D 10 07 00 00
00 01 0C 10 08 00 00 00
00 02 10 08 00 00 00 00
00 08 10 04 00 00 00 00
00 09 10 0A 0B 04 00 00
00 06 10 0E 0D 10 03 00
00 01 0B 0B 02 0E 0A 00
00 00 02 0F 10 0F 06 00

00 00 02 0F 0F 03 00 00
00 00 0D 0F 08 03 00 00
00 05 10 06 00 00 00 00
00 08 0F 05 04 02 00 00
00 08 10 10 10 0E 02 00
00 04 10 07 01 0D 08 00
00 00 0B 0C 01 0B 0D 00
00 00 01 0C 10 10 0A 00

00 00 00 09 0B 00 00 00
00 00 01 10 0B 00 00 00
00 00 06 10 01 00 00 00
00 00 0B 0B 06 07 01 00
00 00 0D 0E 0F 10 08 00
00 00 0C 0D 05 05 0D 00
00 00 06 0E 08 0F 0C 00
00 00 00 0A 10 0C 02 00

00 00 02 10 08 00 00 00
00 00 08 0F 05 00 00 00
00 02 10 07 00 00 00 00
00 03 10 07 05 01 00 00
00 07 10 10 10 0F 03 00
00 05 10 0C 04 0A 0E 00
00 00 0E 0D 05 0A 0F 00
00 00 03 0D 10 10 07 00

00 00 00 08 0D 02 00 00
00 00 09 10 0D 03 00 00
00 01 0F 0E 01 00 00 00
00 02 10 0B 04 01 00 00
00 03 10 10 0E 0F 02 00
00 02 10 0D 01 10 09 00
00 00 09 0F 09 10 07 00
00 00 00 08 10 0D 02 00

00 00 00 0D 0F 04 00 00
00 00 0B 10 09 04 00 00
00 01 10 0E 00 00 00 00
00 05 10 07 00 00 00 00
00 05 10 10 0E 04 00 00
00 02 0F 09 07 0F 05 00
00 00 0B 0D 04 0C 0D 00
00 00 01 0D 10 10 0A 00

00 00 00 09 0F 02 00 00
00 00 05 10 0B 01 00 00
00 00 0D 0F 01 00 00 00
00 02 10 0B 00 00 00 00
00 02 10 0B 04 04 00 00
00 02 0F 10 10 0E 0A 01
00 00 09 10 07 03 0F 06
00 00 00 07 0F 10 10 06

00 00 00 06 0C 06 00 00
00 00 01 0F 0E 01 00 00
00 00 0A 10 08 00 00 00
00 01 0D 10 00 00 00 00
00 03 10 10 0B 04 00 00
00 00 10 10 10 10 07 00
00 00 09 10 10 10 0C 00
00 00 00 06 0B 0C 05 00

00 00 01 0C 09 00 00 00
00 00 0B 0A 02 00 00 00
00 04 0E 00 00 00 00 00
00 05 09 00 00 00 00 00
00 08 0A 0B 10 0E 01 00
00 02 10 0A 03 07 0B 00
00 00 0D 08 01 08 0C 00
00 00 02 0C 10 0F 05 00

00 00 00 0C 0F 01 00 00
00 00 04 10 0D 01 00 00
00 01 0E 0F 02 00 00 00
00 04 10 0F 0A 07 00 00
00 07 10 10 0C 10 06 00
00 03 10 0D 00 10 0C 00
00 00 0B 10 0D 10 0C 00
00 00 01 09 0D 0C 04 00

00 00 00 0A 0F 03 00 00
00 00 07 10 0B 00 00 00
00 00 0D 0F 01 00 00 00
00 00 0F 0B 00 00 00 00
00 00 10 0D 08 01 00 00
00 00 0F 10 10 0F 06 00
00 00 0A 10 0E 10 0E 02
00 00 01 09 0F 10 0B 00

00 00 00 0C 0A 00 00 00
00 00 04 0F 07 00 00 00
00 00 0F 04 00 00 00 00
00 01 10 07 01 00 00 00
00 04 10 0E 10 0D 01 00
00 01 10 00 01 0A 0B 00
00 00 0E 09 01 08 0C 00
00 00 02 0A 10 10 05 00

00 00 08 07 00 00 00 00
00 00 0B 0C 00 00 00 00
00 00 0F 09 00 00 00 00
00 07 10 10 09 04 00 00
00 05 10 0E 0B 10 05 00
00 02 10 10 00 0C 08 00
00 00 0F 0F 01 0F 06 00
00 00 07 0E 10 0D 01 00

00 00 01 0E 10 08 00 00
00 00 0A 10 0B 04 00 00
00 00 01 0B 01 00 00 00
00 01 0C 03 00 00 00 00
00 02 10 0E 0D 08 01 00
00 03 10 10 0D 10 08 00
00 00 0C 10 07 0F 0C 00
00 00 01 0D 10 10 08 00

00 00 05 10 05 00 00 00
00 00 0C 0E 01 00 00 00
00 00 0F 0A 00 00 00 00
00 03 10 09 01 00 00 00
00 07 10 10 10 09 00 00
00 01 10 0A 08 10 06 00
00 00 0C 0E 05 09 0D 00
00 00 04 0F 0F 0C 03 00

00 00 01 0A 07 00 00 00
00 00 06 0D 00 00 00 00
00 00 0D 05 00 00 00 00
00 02 10 01 05 02 00 00
00 03 10 0F 0B 09 05 00
00 02 10 06 00 02 0E 00
00 00 0A 0A 01 05 0F 00
00 00 01 0C 0F 0E 06 00

00 00 01 0E 09 00 00 00
00 00 0E 0F 03 00 00 00
00 01 10 0A 00 00 00 00
00 05 0E 0D 0F 0A 00 00
00 08 10 02 03 0E 05 00
00 05 10 04 00 0C 06 00
00 00 0A 0D 02 0E 06 00
00 00 02 0C 10 0B 01 00

00 00 00 0A 0D 01 00 00
00 01 0B 0C 07 00 00 00
00 02 10 0C 00 00 00 00
00 04 10 0B 00 00 00 00
00 04 10 0F 08 04 00 00
00 04 10 10 0D 10 06 00
00 00 07 10 07 0D 0E 00
00 00 00 07 0F 0F 05 00

00 00 02 0F 06 00 00 00
00 00 0B 10 04 00 00 00
00 03 10 07 00 00 00 00
00 04 10 06 04 01 00 00
00 06 10 10 0E 10 03 00
00 02 0E 09 00 0B 09 00
00 00 0A 0E 08 0F 05 00
00 00 03 0D 10 08 00 00

00 00 00 0B 10 06 00 00
00 00 09 10 0B 02 00 00
00 03 10 0B 00 00 00 00
00 06 10 0C 04 00 00 00
00 07 10 0D 0F 0B 00 00
00 01 0F 08 03 10 05 00
00 00 09 0E 05 10 0A 00
00 00 00 09 10 10 0A 00

00 00 02 10 05 00 00 00
00 00 06 10 02 00 00 00
00 00 09 0D 00 00 00 00
00 00 0B 0D 0C 0B 02 00
00 00 0E 10 0E 0A 0E 00
00 00 0D 07 03 00 0E 06
00 00 0A 0E 04 08 10 07
00 00 02 0E 10 0F 08 00

00 00 00 05 0B 01 00 00
00 00 00 0E 0E 02 00 00
00 00 05 10 05 00 00 00
00 00 08 0F 02 00 00 00
00 00 0A 0D 00 00 00 00
00 00 0E 10 10 08 00 00
00 00 06 10 09 0F 06 00
00 00 00 06 0E 10 08 00

00 00 02 0F 04 00 00 00
00 00 0B 0D 00 00 00 00
00 00 10 06 00 00 00 00
00 03 10 07 00 00 00 00
00 04 10 10 0F 05 00 00
00 04 10 05 03 0D 07 00
00 01 0E 09 00 08 0D 00
00 00 02 0D 10 10 08 00

00 00 00 08 0F 01 00 00
00 00 00 0C 0E 00 00 00
00 00 03 10 07 00 00 00
00 00 06 10 02 00 00 00
00 00 07 10 10 0D 05 00
00 00 0F 10 09 09 0E 00
00 00 03 0E 09 02 10 02
00 00 00 07 0F 10 0B 00

00 00 02 0E 0A 00 00 00
00 00 0C 0A 00 00 00 00
00 02 0F 02 00 00 00 00
00 07 0C 01 04 06 00 00
00 07 10 10 0F 0F 08 00
00 00 10 0D 00 04 0C 00
00 00 0A 0C 04 08 0F 00
00 00 02 0B 10 0F 05 00

00 00 00 08 0D 00 00 00
00 00 00 0E 06 00 00 00
00 00 06 0C 00 00 00 00
00 00 08 0D 08 02 00 00
00 00 0D 10 0D 0E 04 00
00 00 0B 08 02 03 0D 00
00 00 07 0B 05 0C 0B 00
00 00 01 0B 0C 04 00 00

00 00 00 0D 0D 03 00 00
00 00 04 10 08 00 00 00
00 00 09 10 01 00 00 00
00 00 0D 10 05 00 00 00
00 02 10 10 0E 08 01 00
00 04 10 10 06 10 09 00
00 00 08 10 0B 10 0A 00
00 00 01 0E 10 0D 01 00

00 00 00 0D 03 00 00 00
00 00 06 0F 00 00 00 00
00 00 0C 07 00 00 00 00
00 00 10 0A 07 01 00 00
00 06 10 0C 0D 10 06 00
00 00 10 04 00 06 0C 00
00 00 0C 0A 02 0B 09 00
00 00 01 0D 10 0F 03 00

00 00 00 06 0E 03 00 00
00 00 02 10 0B 00 00 00
00 00 0B 0F 02 00 00 00
00 01 0F 0D 02 00 00 00
00 03 10 10 10 07 00 00
00 04 10 0E 08 0D 07 00
00 00 0C 10 05 0C 0A 00
00 00 00 08 0E 0D 05 00

00 00 00 06 0E 01 00 00
00 00 02 10 0A 00 00 00
00 00 0B 0F 02 00 00 00
00 00 0D 0D 08 05 00 00
00 02 10 0E 0C 10 03 00
00 01 10 0B 00 05 0C 00
00 00 0B 0F 05 0C 0C 00
00 00 00 09 0F 0E 06 00

00 00 02 0E 01 00 00 00
00 00 0B 0C 01 00 00 00
00 01 0F 04 00 00 00 00
00 05 0D 00 00 00 00 00
00 07 0C 0C 10 0D 02 00
00 04 10 0C 06 06 0B 00
00 00 0E 09 00 05 0D 00
00 00 03 0B 0F 0E 01 00

00 00 00 0D 06 00 00 00
00 00 05 10 08 00 00 00
00 00 0B 08 00 00 00 00
00 00 0D 04 00 00 00 00
00 00 0E 0F 10 0E 05 00
00 00 0D 07 00 00 0D 01
00 00 0A 06 00 05 0E 00
00 00 02 0D 0C 0F 04 00

00 00 04 0E 05 00 00 00
00 00 0D 0E 00 00 00 00
00 02 10 0A 00 00 00 00
00 04 10 07 00 00 00 00
00 06 10 10 0F 04 00 00
00 04 10 09 04 10 02 00
00 01 0F 0D 06 10 0B 00
00 00 04 0D 10 0F 05 00

00 00 01 09 0D 01 00 00
00 01 0C 0E 05 00 00 00
00 02 10 05 00 00 00 00
00 05 0F 00 03 00 00 00
00 03 10 10 10 0F 03 00
00 02 10 0B 01 09 0B 00
00 00 0B 0D 06 0C 0B 00
00 00 00 06 10 0F 02 00

00 00 02 0D 0D 01 00 00
00 00 09 0D 05 00 00 00
00 00 0D 05 00 00 00 00
00 00 0F 02 00 00 00 00
00 00 0F 0A 09 09 02 00
00 00 10 0B 08 0B 0C 00
00 01 0E 0B 01 04 0D 00
00 00 03 0B 10 0F 04 00

00 00 02 0D 0C 00 00 00
00 00 08 10 07 00 00 00
00 00 0D 10 04 00 00 00
00 04 10 10 10 0B 00 00
00 03 10 0A 03 0F 08 00
00 00 10 08 00 0D 0A 00
00 00 0C 0F 01 0F 09 00
00 00 02 0B 10 10 02 00

00 00 00 0C 0F 04 00 00
00 00 07 10 09 02 00 00
00 00 0C 0E 00 00 00 00
00 00 10 0B 03 00 00 00
00 03 10 0E 0F 08 00 00
00 01 10 06 00 0C 08 00
00 00 0C 0C 04 0D 0C 00
00 00 01 0B 10 10 04 00

00 00 02 0F 0D 03 00 00
00 00 0C 10 09 04 00 00
00 03 10 09 00 00 00 00
00 03 10 0E 0C 05 00 00
00 08 10 10 10 10 00 00
00 05 10 0F 06 10 09 00
00 01 0D 0E 0D 10 03 00
00 00 03 0C 0E 0A 00 00

00 00 04 10 06 00 00 00
00 00 07 10 05 00 00 00
00 00 0C 0C 01 00 00 00
00 00 10 08 00 00 00 00
00 04 10 0B 02 00 00 00
00 05 10 10 10 0D 01 00
00 02 10 0E 0F 10 05 00
00 00 05 0F 0E 07 00 00

00 00 00 0D 03 00 00 00
00 00 08 0D 01 00 00 00
00 00 0C 05 00 00 00 00
00 01 0D 00 00 00 00 00
00 01 0C 06 0B 09 03 00
00 01 0F 10 0C 08 0B 00
00 00 09 0D 02 06 10 02
00 00 00 0B 10 0E 07 00

00 00 02 0D 00 00 00 00
00 00 0C 0C 00 00 00 00
00 02 10 02 00 00 00 00
00 04 0E 08 07 02 00 00
00 08 0F 0C 0D 0F 02 00
00 02 0F 01 00 07 0B 00
00 00 0D 08 05 0D 09 00
00 00 02 0D 10 0B 01 00

00 00 01 0D 03 00 00 00
00 00 07 0E 02 00 00 00
00 00 0D 0D 08 05 00 00
00 02 0F 0F 0C 0F 05 00
00 07 10 04 00 0C 08 00
00 02 0F 07 00 0C 06 00
00 00 05 0F 05 0F 05 00
00 00 00 0D 10 09 00 00

00 00 00 0A 0B 00 00 00
00 00 03 10 0A 00 00 00
00 00 08 10 00 00 00 00
00 00 0C 0E 00 00 00 00
00 00 0E 10 0F 06 00 00
00 00 0C 10 0C 0F 06 00
00 00 07 10 0A 0D 0E 00
00 00 00 09 0D 0B 06 00

00 00 00 0E 0E 01 00 00
00 00 07 10 0A 02 00 00
00 00 0E 0E 01 00 00 00
00 00 0E 10 0E 04 00 00
00 01 10 10 08 10 02 00
00 00 0E 0B 00 0D 09 00
00 00 09 0E 06 10 07 00
00 00 00 0E 10 0E 00 00

00 00 00 0C 10 01 00 00
00 00 04 10 0B 00 00 00
00 00 0C 0F 01 00 00 00
00 00 0F 0D 08 04 00 00
00 03 10 0F 0B 0F 07 00
00 02 0F 0A 00 04 0F 03
00 00 08 0C 04 06 10 05
00 00 01 0B 10 10 0D 00

00 00 05 0D 01 00 00 00
00 00 0C 0D 00 00 00 00
00 00 10 08 00 00 00 00
00 05 10 02 00 00 00 00
00 04 10 08 0F 09 01 00
00 04 10 10 0C 0F 0B 00
00 01 0F 0E 04 0E 0B 00
00 00 05 0E 0E 0A 01 00

00 00 01 09 0E 0B 01 00
00 00 0A 0F 09 0D 05 00
00 03 10 07 00 00 00 00
00 05 10 10 10 0A 00 00
00 07 10 0B 0A 10 05 00
00 02 10 05 00 0C 08 00
00 00 0A 0F 0D 10 05 00
00 00 00 09 0C 07 00 00

00 00 00 0B 0D 00 00 00
00 00 01 10 0C 00 00 00
00 00 04 10 06 00 00 00
00 00 07 10 10 07 00 00
00 00 08 10 10 0E 0B 00
00 00 09 10 03 05 10 04
00 00 06 0F 05 0E 10 02
00 00 01 0B 10 0F 04 00

00 00 01 0D 10 02 00 00
00 00 08 10 0C 01 00 00
00 00 0E 10 02 00 00 00
00 00 0F 0E 09 01 00 00
00 01 10 10 10 0A 00 00
00 00 0D 0F 0D 0F 00 00
00 00 08 10 0E 0E 01 00
00 00 01 0B 10 08 00 00

00 00 01 0C 06 00 00 00
00 00 0C 0F 00 00 00 00
00 04 10 0A 00 00 00 00
00 07 10 0A 01 00 00 00
00 08 10 10 0F 07 00 00
00 06 10 09 09 10 03 00
00 00 08 10 0D 0F 0B 00
00 00 01 0A 0F 0E 04 00

00 00 00 07 0D 02 00 00
00 00 00 0E 0E 02 00 00
00 00 05 10 04 00 00 00
00 01 0B 10 04 00 00 00
00 05 10 10 0F 0C 00 00
00 00 09 10 01 0D 07 00
00 00 04 10 06 0F 05 00
00 00 00 06 0E 0E 01 00

00 00 02 10 08 00 00 00
00 00 08 10 06 00 00 00
00 00 0F 0A 00 00 00 00
00 04 10 02 00 00 00 00
00 08 10 10 10 0E 02 00
00 08 10 07 04 10 08 00
00 01 10 09 06 10 04 00
00 00 03 0C 10 0C 00 00

00 00 03 0D 06 00 00 00
00 00 0A 0F 02 00 00 00
00 02 0F 03 00 00 00 00
00 04 0E 00 00 00 00 00
00 04 0E 0E 10 0D 02 00
00 03 10 09 01 04 0C 00
00 00 0E 0A 05 0B 0B 00
00 00 03 0D 0F 08 00 00

00 00 03 0C 03 00 00 00
00 00 0D 0E 02 00 00 00
00 03 0A 00 00 00 00 00
00 00 00 03 05 03 00 00
00 04 0A 10 10 10 04 00
00 06 10 04 00 08 09 00
00 00 0F 0C 04 09 0C 00
00 00 02 0D 10 0E 04 00

00 00 01 0D 04 00 00 00
00 00 05 0F 02 00 00 00
00 00 0C 07 00 00 00 00
00 00 0E 06 00 00 00 00
00 00 10 0C 0F 0F 07 00
00 00 0E 0E 06 04 0E 01
00 00 09 0E 03 04 0E 02
00 00 01 07 0E 10 0B 00

00 00 00 0A 0B 00 00 00
00 00 09 10 06 00 00 00
00 00 0F 0D 00 00 00 00
00 00 0E 0A 00 00 00 00
00 01 0F 0C 08 02 00 00
00 00 0C 10 10 10 0A 01
00 00 07 10 0C 0C 10 04
00 00 00 09 0F 0C 05 00

00 00 04 0C 01 00 00 00
00 00 0E 0D 00 00 00 00
00 02 10 03 00 00 00 00
00 07 0D 00 00 00 00 00
00 07 0C 07 0C 06 02 00
00 04 0F 0F 0C 0D 0B 00
00 01 0D 10 05 0B 0C 00
00 00 05 0D 10 0B 01 00

00 00 00 08 0F 0A 00 00
00 00 08 0D 06 01 00 00
00 01 10 02 00 00 00 00
00 04 0B 00 00 00 00 00
00 04 10 0C 0C 09 02 00
00 01 0F 01 00 09 0A 00
00 00 0A 09 04 0D 03 00
00 00 00 0B 0F 05 00 00

00 00 02 0E 0F 03 00 00
00 00 07 10 0B 00 00 00
00 00 0D 0F 01 00 00 00
00 01 10 0B 00 00 00 00
00 02 10 09 00 00 00 00
00 02 10 10 10 09 00 00
00 00 0D 10 0A 10 07 00
00 00 03 0F 10 10 04 00

00 00 00 08 0A 00 00 00
00 00 03 0F 05 00 00 00
00 00 07 0D 00 00 00 00
00 00 07 0E 05 01 00 00
00 00 06 10 10 10 03 00
00 00 06 10 07 0D 08 00
00 00 02 0F 07 0F 07 00
00 00 00 07 0F 0C 00 00

00 00 00 05 0E 02 00 00
00 00 01 0D 0B 00 00 00
00 00 05 10 02 00 00 00
00 00 06 0F 05 00 00 00
00 01 0F 10 0F 0B 01 00
00 02 0D 0E 01 0C 09 00
00 00 04 10 07 0D 09 00
00 00 00 05 10 0F 03 00

00 00 00 08 0F 03 00 00
00 00 01 0F 0B 02 00 00
00 00 0D 10 01 00 00 00
00 03 10 0E 00 00 00 00
00 03 10 0F 05 00 00 00
00 03 0F 10 0B 0E 07 00
00 00 0B 10 06 06 0F 00
00 00 00 0A 0E 0C 08 00

00 00 00 10 06 00 00 00
00 00 03 10 06 00 00 00
00 00 09 10 00 00 00 00
00 00 0C 10 0C 09 01 00
00 00 0F 10 0E 0D 0C 00
00 00 0E 0F 07 00 0F 06
00 00 09 0E 04 07 0F 08
00 00 01 0D 10 10 0C 01

00 00 06 0D 00 00 00 00
00 00 0F 0C 00 00 00 00
00 00 10 06 00 00 00 00
00 03 10 0E 0B 05 00 00
00 05 10 0C 0B 10 06 00
00 06 10 09 02 10 09 00
00 00 0D 0E 08 10 08 00
00 00 04 0F 10 0D 02 00

00 00 00 0D 0C 00 00 00
00 00 06 10 04 00 00 00
00 02 10 0A 00 00 00 00
00 05 10 0A 00 00 00 00
00 08 0F 0F 06 00 00 00
00 03 10 0E 0D 0A 02 00
00 00 0C 10 0D 10 0C 00
00 00 01 0A 10 0E 04 00

00 00 00 00 0D 01 00 00
00 00 00 07 0F 03 00 00
00 00 00 10 0B 02 00 00
00 00 04 10 10 0E 01 00
00 00 05 10 08 08 0A 00
00 00 09 10 04 00 0F 00
00 00 02 09 0B 0D 0E 00
00 00 00 00 0A 10 0A 00

00 00 01 0A 00 00 00 00
00 00 07 0C 00 00 00 00
00 00 0C 07 00 00 00 00
00 00 0E 03 00 00 00 00
00 00 0F 09 0C 0A 02 00
00 00 10 0D 08 08 0B 00
00 00 0D 0A 04 09 0F 00
00 00 03 0A 0F 09 02 00

00 00 00 08 07 00 00 00
00 00 02 10 06 00 00 00
00 00 05 10 02 00 00 00
00 00 0B 0F 0C 09 00 00
00 00 0B 10 0D 09 08 00
00 00 0B 10 02 08 09 00
00 00 03 10 05 0C 0A 00
00 00 00 06 10 0E 02 00

00 00 00 09 08 00 00 00
00 00 01 10 02 00 00 00
00 00 06 0E 00 00 00 00
00 00 09 0B 00 03 00 00
00 00 0D 08 0D 0D 0A 00
00 00 0C 10 08 00 0D 01
00 00 06 10 05 09 0D 00
00 00 00 08 0F 0E 04 00

00 00 00 05 0D 01 00 00
00 00 01 0F 0C 00 00 00
00 00 04 10 05 00 00 00
00 00 0B 0E 03 00 00 00
00 00 0B 10 10 04 00 00
00 00 0B 0B 05 0D 00 00
00 00 06 0D 07 0F 00 00
00 00 00 05 0E 09 00 00

00 00 00 0B 0D 05 00 00
00 00 03 10 0D 03 00 00
00 00 0A 10 02 00 00 00
00 04 10 10 0D 07 00 00
00 04 10 0B 08 10 02 00
00 00 0F 08 00 0F 06 00
00 00 09 0E 04 0F 04 00
00 00 01 0A 10 0B 01 00

00 00 02 0C 01 00 00 00
00 00 0B 0C 00 00 00 00
00 02 10 04 00 00 00 00
00 06 10 0A 0A 05 00 00
00 05 10 0F 0C 0E 06 00
00 04 10 03 00 08 0C 00
00 00 0E 09 04 0B 0D 00
00 00 03 0E 10 0C 03 00

00 00 00 08 0E 04 00 00
00 00 07 10 07 00 00 00
00 00 0E 0A 00 00 00 00
00 01 10 06 00 00 00 00
00 03 10 10 0A 00 00 00
00 02 10 0C 0E 06 00 00
00 00 0C 0F 0B 0A 00 00
00 00 00 0A 0D 08 00 00

00 00 06 0E 01 00 00 00
00 00 0C 0A 00 00 00 00
00 03 10 01 00 00 00 00
00 05 0E 00 04 02 00 00
00 07 10 10 10 10 05 00
00 04 10 06 00 09 0B 00
00 00 0E 08 05 0D 09 00
00 00 05 0D 10 0C 01 00

00 00 00 06 0E 08 00 00
00 00 08 10 0C 08 00 00
00 03 10 0E 03 00 00 00
00 06 10 10 10 0B 01 00
00 08 10 0D 04 0E 05 00
00 02 10 09 00 08 0C 00
00 00 0A 0F 06 0D 09 00
00 00 00 08 0E 10 09 00

00 00 00 0C 0D 00 00 00
00 00 02 10 0C 00 00 00
00 00 04 10 06 00 00 00
00 00 0A 10 08 00 00 00
00 00 08 10 10 0F 05 00
00 00 08 10 00 06 0F 01
00 00 07 10 04 0A 10 03
00 00 01 0B 10 10 0C 00

00 00 01 0D 01 00 00 00
00 00 07 0F 01 00 00 00
00 01 0E 06 00 00 00 00
00 00 10 03 00 01 00 00
00 01 10 06 0F 0F 05 00
00 01 10 0E 04 03 0C 00
00 00 07 07 00 09 0C 00
00 00 00 0B 10 09 02 00

